3.95217499E-18
5.00716434E-20
1.72855552E-18
-1.50196879E-18
-2.02319007E-19
-1.88140184E-18
-4.62286887E-20
2.97500932E-18
4.64441308E-19
-4.037083E-19
-1.13679612E-18
1.04864962E-18
-1.13782024E-18
6.52433067E-20
4.51621376E-20
-9.31279404E-19
-1.73181416E-19
3.46262054E-18
-1.80270058E-18
-1.36482641E-18
-2.38852284E-18
2.19159094E-18
5.48627118E-19
-9.22886361E-22
2.53480221E-18
-4.61932759E-18
-1.0802E-18
-3.07047152E-20
-4.00970617E-18
-3.78309632E-21
3.06823247E-19
-7.14344005E-20
3.26986812E-19
8.75989122E-19
9.92789963E-19
7.19833679E-20
-9.36328203E-19
1.78633873E-18
9.88103307E-20
-1.0836101E-18
-3.51208356E-20
-1.03353312E-19
-4.35013608E-19
3.34974651E-19
8.88112827E-19
8.21630381E-19
9.29711985E-19
-6.49167949E-19
-1.35637966E-18
3.34768592E-20
-4.42028549E-20
3.36722073E-19
-1.78252338E-18
-1.08385522E-18
3.16451488E-19
4.4976832E-19
-3.76765413E-18
1.15475636E-19
3.49917445E-19
1.07084113E-18
-7.71677289E-19
1.30233783E-19
1.30004866E-18
2.166614E-18
1.1580927E-18
-5.26243753E-19
-3.11888223E-19
1.51277759E-19
5.4445367E-19
-9.49541899E-19
2.06864976E-18
-7.04949297E-19
3.12640801E-18
1.06740883E-19
-1.09834446E-18
8.01510044E-19
1.20446926E-18
-1.53846268E-19
-4.95991362E-19
-1.4123466E-18
-2.23864515E-18
1.52861228E-18
9.89301104E-19
8.66390888E-19
-4.25548015E-19
-1.90775603E-19
-6.78442955E-20
5.92892314E-19
3.34231142E-19
-1.2287957E-19
2.42587724E-18
9.53645558E-19
-5.44377403E-19
-4.06353411E-20
-8.18848959E-19
-6.99588615E-19
-7.75372799E-19
-2.60258572E-18
-9.18605113E-19
1.35315265E-18
-4.72251703E-19
-4.78953443E-19
3.29201487E-19
-1.648988E-18
5.0445212E-18
1.31483688E-18
-6.10235282E-19
2.13958169E-18
1.10973065E-19
2.03209227E-18
-4.49420969E-19
-2.63108899E-18
-9.00259056E-19
-8.24239309E-19
3.67746431E-19
-4.74558797E-19
6.16439395E-19
2.12680491E-18
-1.56030541E-18
1.72911371E-18
8.52961381E-19
1.45566852E-19
-1.23157453E-18
8.6651028E-19
4.57638331E-19
9.7223333E-19
1.02098716E-19
-1.9882177E-19
-3.19246271E-18
-5.45511356E-19
-3.21983891E-19
-1.12670856E-18
-9.34151733E-19
-6.76371706E-19
-3.24639648E-18
-1.12224346E-18
5.84134653E-18
2.54965686E-18
1.57115304E-18
-8.22665944E-19
1.24745636E-18
1.33168397E-18
-5.7830643E-19
-2.42031855E-18
7.40856814E-19
5.24324394E-19
-6.21899475E-19
-1.01507161E-18
-6.06446409E-19
-2.02950023E-20
-1.97981002E-18
-1.00972126E-18
-2.09308971E-18
-6.69289795E-20
-1.83785743E-18
7.01858895E-19
1.01268862E-18
-2.21772708E-19
6.81544319E-19
-3.63400212E-19
4.56041618E-19
-1.32061637E-18
-1.74290795E-19
4.1860476E-18
1.45744534E-18
2.03783001E-20
1.42937322E-19
1.24642684E-18
7.3E-19
7.17374061E-19
8.06815372E-20
-4.54990754E-19
-1.30997116E-18
4.26279625E-19
-6.44581568E-19
1.31602151E-18
3.56159425E-18
1.3485482E-19
-3.12912414E-18
1.14676125E-18
5.59568006E-19
-1.19644986E-18
-8.45549666E-19
-1.39390399E-18
6.3801424E-19
-3.53720887E-19
-1.53278585E-18
-2.80301461E-19
-1.07069484E-18
4.24289623E-19
1.66969491E-18
-1.60597284E-18
1.88926146E-18
-1.51234142E-18
2.82666045E-19
-4.56742059E-19
-1.27838803E-19
-1.39316219E-19
-6.01120514E-19
3.07901637E-19
