5.83881227E-25
-1.30242561E-23
3.06342162E-24
-1.73054714E-22
8.94495936E-24
5.94354058E-23
3.37893107E-23
9.40252828E-23
-9.08164666E-24
-6.38861718E-23
-2.7830661E-22
6.49001055E-25
-7.80751143E-24
1.79752556E-22
-1.18693593E-23
-3.15508649E-23
-6.02650368E-23
1.87883418E-22
7.76097167E-23
-1.00346149E-22
-9.43963762E-23
2.71844793E-23
-1.01674131E-24
1.93650415E-22
-1.08313337E-22
-1.16174237E-22
-8.95387511E-23
4.14095646E-23
-1.80813943E-22
-5.85533875E-23
-1.58248661E-22
9.29644293E-23
1.31966165E-23
-9.92596986E-23
9.37988177E-24
3.47808019E-23
-5.11768448E-23
7.66468721E-23
-9.90638937E-23
1.13953461E-22
4.23366975E-23
-5.36415668E-24
-2.09506502E-22
5.86108897E-24
2.22778407E-23
1.48066329E-22
-1.6860436E-22
-5.84236866E-24
1.57634018E-23
-1.89073404E-23
-3.43514012E-23
-3.70886961E-24
-3.47066659E-23
-1.98602635E-23
3.85399672E-23
2.08030307E-22
-1.60774688E-24
8.01963481E-23
-6.36072006E-23
1.79509867E-23
1.01842422E-23
4.98617491E-23
-3.17905115E-23
-1.55623109E-22
5.65043022E-23
-9.72321169E-23
-8.2142669E-24
9.17659071E-23
3.54394349E-23
-4.74639556E-23
-1.02375118E-23
-2.38790811E-23
2.09887052E-23
-5.19366932E-23
2.20156516E-23
-4.62403314E-23
6.93765752E-23
-6.54484807E-23
8.04325893E-23
-1.42393695E-22
4.77237685E-23
6.1083477E-23
-9.71867283E-23
1.60516056E-22
2.31718326E-23
1.07222131E-24
-3.12871094E-23
7.13601053E-23
2.31256254E-22
-2.79628584E-23
-2.87095229E-22
-1.69799796E-22
-1.74149033E-23
8.2193558E-23
-9.51055972E-23
-3.42079923E-23
2.10839041E-22
1.86170589E-24
-5.64066704E-23
8.94069555E-24
-1.83669141E-22
-8.50233134E-23
4.12774802E-23
7.51584109E-23
7.34728895E-23
-4.10813438E-23
5.00482931E-23
2.62993195E-24
-1.22003831E-22
2.13036625E-22
-1.78130783E-22
-2.47948382E-23
4.92258107E-23
6.41172783E-23
8.0161518E-23
1.69439825E-22
-1.07463095E-22
5.4067733E-23
3.93943793E-23
-1.43239535E-23
5.25698385E-23
5.57875094E-23
-6.12966866E-23
5.1410888E-23
1.29620767E-22
5.96311352E-23
1.7327031E-23
-1.21831373E-22
3.93486352E-22
2.15616569E-22
-4.68068167E-23
-1.42559106E-23
2.03543866E-23
-5.8115398E-23
6.98741993E-23
1.46742332E-22
-1.14866346E-22
-9.10385825E-23
7.15571079E-23
-7.24084557E-23
-3.2250815E-23
-3.98248338E-23
-1.57767533E-22
5.74164305E-23
-9.83747963E-23
-2.69074059E-23
4.83470982E-23
2.03444554E-23
-1.5045409E-23
-1.83512405E-22
-1.27436098E-22
7.6795265E-23
-1.18933704E-23
-2.73492712E-23
7.34763158E-23
-7.42051246E-23
-9.07638345E-24
-1.03514789E-22
1.39804737E-22
-3.07521328E-23
2.73075998E-23
-8.63492154E-23
-3.32400728E-23
-6.32136275E-23
-1.25243424E-22
7.38329947E-23
-1.97401816E-23
1.77182733E-23
5.65256718E-23
1.37531363E-23
5.53739851E-23
1.31361634E-22
-8.49096986E-23
-2.1381352E-22
4.00941097E-23
-7.57087555E-24
-1.55765582E-22
-3.21462183E-23
3.55044269E-23
1.48853553E-23
-4.13006516E-23
-5.51351666E-23
-1.94514319E-23
3.00655863E-24
-2.26032349E-23
-8.20466264E-23
1.928137E-23
-1.52669282E-22
8.68977406E-23
1.31457183E-23
4.25074981E-23
1.44382754E-22
-4.95038914E-23
2.40548357E-24
1.80116828E-22
6.36949657E-24
-7.71508755E-23
7.5555263E-23
-4.01572921E-23
-2.423265E-22
