           5
 2.9591397914149967E-04
 0.0000000000000000E+00  0.0000000000000000E+00  0.0000000000000000E+00
 0.0000000000000000E+00  0.0000000000000000E+00  0.0000000000000000E+00
 2.8253459095242259E-07
-5.4751241270549249E+00 -4.3134776001900482E-01 -2.5899228017053529E-02
 5.1249857916480933E-04 -7.1175060783263324E-03  1.3556014764934843E-05
 8.4597151856806587E-08
-5.4224683172583710E+00  7.4789263595632196E+00  1.3252849830717719E-01
-4.6901099651736246E-03 -3.3422704022943138E-03  4.9966740210248119E-05
 1.2920249167819691E-08
-1.7965525966760673E+01 -4.0211137436659135E+00 -3.2641564799366052E-01
 8.0368397071517602E-04 -4.0212664066160524E-03 -9.3217836215420749E-06
 1.5243589007842760E-08
 1.0256353319012197E+01 -2.8334200702177228E+01  3.4624779763975255E-01
 2.9336149889962427E-03  1.0874783585081203E-03 -1.6399366067292354E-05
