2000
  51950.00 2500.0 1500.0 0.0010  680.0 0.10 0.90
  13455.00 2500.0 1500.0 0.0010  680.0 0.10 0.90
  19100.00 2500.0 1500.0 0.0010  680.0 0.10 0.90
  16650.00 2500.0 1500.0 0.0010  680.0 0.10 0.90
  25050.00 2500.0 1500.0 0.0010  680.0 0.10 0.90
  14350.00 2500.0 1500.0 0.0010  680.0 0.10 0.90
  16000.00 2500.0 1500.0 0.0010  680.0 0.10 0.90
  15350.00 2500.0 1500.0 0.0010  680.0 0.10 0.90
  24000.00 2500.0 1500.0 0.0010  680.0 0.10 0.90
  42800.00 2500.0 1500.0 0.0010  680.0 0.10 0.90
  19950.00 2500.0 1500.0 0.0010  680.0 0.10 0.90
  12600.00 2500.0 1500.0 0.0010  680.0 0.10 0.90
  17200.00 2500.0 1500.0 0.0010  680.0 0.10 0.90
  35600.00 2500.0 1500.0 0.0010  680.0 0.10 0.90
  16500.00 2500.0 1500.0 0.0010  680.0 0.10 0.90
  19600.00 2500.0 1500.0 0.0010  680.0 0.10 0.90
  24000.00 2500.0 1500.0 0.0010  680.0 0.10 0.90
  15900.00 2500.0 1500.0 0.0010  680.0 0.10 0.90
  22800.00 2500.0 1500.0 0.0010  680.0 0.10 0.90
  15650.00 2500.0 1500.0 0.0010  680.0 0.10 0.90
  16800.00 2500.0 1500.0 0.0010  680.0 0.10 0.90
  21600.00 2500.0 1500.0 0.0010  680.0 0.10 0.90
  13100.00 2500.0 1500.0 0.0010  680.0 0.10 0.90
  10690.00 2500.0 1500.0 0.0010  680.0 0.10 0.90
  12900.00 2500.0 1500.0 0.0010  680.0 0.10 0.90
  13650.00 2500.0 1500.0 0.0010  680.0 0.10 0.90
  12400.00 2500.0 1500.0 0.0010  680.0 0.10 0.90
  17750.00 2500.0 1500.0 0.0010  680.0 0.10 0.90
  15900.00 2500.0 1500.0 0.0010  680.0 0.10 0.90
  15750.00 2500.0 1500.0 0.0010  680.0 0.10 0.90
  18500.00 2500.0 1500.0 0.0010  680.0 0.10 0.90
  17900.00 2500.0 1500.0 0.0010  680.0 0.10 0.90
  17400.00 2500.0 1500.0 0.0010  680.0 0.10 0.90
  16600.00 2500.0 1500.0 0.0010  680.0 0.10 0.90
   7740.00 2500.0 1500.0 0.0010  680.0 0.10 0.90
  17800.00 2500.0 1500.0 0.0010  680.0 0.10 0.90
  15600.00 2500.0 1500.0 0.0010  680.0 0.10 0.90
  11450.00 2500.0 1500.0 0.0010  680.0 0.10 0.90
  16800.00 2500.0 1500.0 0.0010  680.0 0.10 0.90
   8810.00 2500.0 1500.0 0.0010  680.0 0.10 0.90
  13000.00 2500.0 1500.0 0.0010  680.0 0.10 0.90
  16900.00 2500.0 1500.0 0.0010  680.0 0.10 0.90
  13500.00 2500.0 1500.0 0.0010  680.0 0.10 0.90
  13400.00 2500.0 1500.0 0.0010  680.0 0.10 0.90
  33000.00 2500.0 1500.0 0.0010  680.0 0.10 0.90
  11500.00 2500.0 1500.0 0.0010  680.0 0.10 0.90
  16900.00 2500.0 1500.0 0.0010  680.0 0.10 0.90
  14650.00 2500.0 1500.0 0.0010  680.0 0.10 0.90
  12600.00 2500.0 1500.0 0.0010  680.0 0.10 0.90
  11300.00 2500.0 1500.0 0.0010  680.0 0.10 0.90
  10700.00 2500.0 1500.0 0.0010  680.0 0.10 0.90
  14450.00 2500.0 1500.0 0.0010  680.0 0.10 0.90
  14800.00 2500.0 1500.0 0.0010  680.0 0.10 0.90
  13750.00 2500.0 1500.0 0.0010  680.0 0.10 0.90
  13150.00 2500.0 1500.0 0.0010  680.0 0.10 0.90
  14050.00 2500.0 1500.0 0.0010  680.0 0.10 0.90
  13050.00 2500.0 1500.0 0.0010  680.0 0.10 0.90
   9300.00 2500.0 1500.0 0.0010  680.0 0.10 0.90
  10690.00 2500.0 1500.0 0.0010  680.0 0.10 0.90
  16150.00 2500.0 1500.0 0.0010  680.0 0.10 0.90
  16250.00 2500.0 1500.0 0.0010  680.0 0.10 0.90
  13050.00 2500.0 1500.0 0.0010  680.0 0.10 0.90
  14350.00 2500.0 1500.0 0.0010  680.0 0.10 0.90
  13500.00 2500.0 1500.0 0.0010  680.0 0.10 0.90
  12215.00 2500.0 1500.0 0.0010  680.0 0.10 0.90
  15650.00 2500.0 1500.0 0.0010  680.0 0.10 0.90
  12050.00 2500.0 1500.0 0.0010  680.0 0.10 0.90
  13250.00 2500.0 1500.0 0.0010  680.0 0.10 0.90
  11720.00 2500.0 1500.0 0.0010  680.0 0.10 0.90
  14500.00 2500.0 1500.0 0.0010  680.0 0.10 0.90
   7060.00 2500.0 1500.0 0.0010  680.0 0.10 0.90
  13950.00 2500.0 1500.0 0.0010  680.0 0.10 0.90
  11750.00 2500.0 1500.0 0.0010  680.0 0.10 0.90
  14900.00 2500.0 1500.0 0.0010  680.0 0.10 0.90
  11600.00 2500.0 1500.0 0.0010  680.0 0.10 0.90
   9600.00 2500.0 1500.0 0.0010  680.0 0.10 0.90
  12200.00 2500.0 1500.0 0.0010  680.0 0.10 0.90
   9745.00 2500.0 1500.0 0.0010  680.0 0.10 0.90
  12270.00 2500.0 1500.0 0.0010  680.0 0.10 0.90
   9310.00 2500.0 1500.0 0.0010  680.0 0.10 0.90
  11450.00 2500.0 1500.0 0.0010  680.0 0.10 0.90
   8490.00 2500.0 1500.0 0.0010  680.0 0.10 0.90
  11900.00 2500.0 1500.0 0.0010  680.0 0.10 0.90
  10690.00 2500.0 1500.0 0.0010  680.0 0.10 0.90
  14850.00 2500.0 1500.0 0.0010  680.0 0.10 0.90
  10395.00 2500.0 1500.0 0.0010  680.0 0.10 0.90
   6745.00 2500.0 1500.0 0.0010  680.0 0.10 0.90
  10750.00 2500.0 1500.0 0.0010  680.0 0.10 0.90
  12270.00 2500.0 1500.0 0.0010  680.0 0.10 0.90
  15200.00 2500.0 1500.0 0.0010  680.0 0.10 0.90
  15250.00 2500.0 1500.0 0.0010  680.0 0.10 0.90
  15050.00 2500.0 1500.0 0.0010  680.0 0.10 0.90
  10550.00 2500.0 1500.0 0.0010  680.0 0.10 0.90
   8890.00 2500.0 1500.0 0.0010  680.0 0.10 0.90
   9310.00 2500.0 1500.0 0.0010  680.0 0.10 0.90
   9800.00 2500.0 1500.0 0.0010  680.0 0.10 0.90
  12270.00 2500.0 1500.0 0.0010  680.0 0.10 0.90
   8750.00 2500.0 1500.0 0.0010  680.0 0.10 0.90
  11190.00 2500.0 1500.0 0.0010  680.0 0.10 0.90
  10900.00 2500.0 1500.0 0.0010  680.0 0.10 0.90
  10350.00 2500.0 1500.0 0.0010  680.0 0.10 0.90
  10650.00 2500.0 1500.0 0.0010  680.0 0.10 0.90
  11700.00 2500.0 1500.0 0.0010  680.0 0.10 0.90
  13300.00 2500.0 1500.0 0.0010  680.0 0.10 0.90
  12270.00 2500.0 1500.0 0.0010  680.0 0.10 0.90
  11190.00 2500.0 1500.0 0.0010  680.0 0.10 0.90
   8105.00 2500.0 1500.0 0.0010  680.0 0.10 0.90
  11400.00 2500.0 1500.0 0.0010  680.0 0.10 0.90
  13900.00 2500.0 1500.0 0.0010  680.0 0.10 0.90
  11720.00 2500.0 1500.0 0.0010  680.0 0.10 0.90
  15450.00 2500.0 1500.0 0.0010  680.0 0.10 0.90
  22850.00 2500.0 1500.0 0.0010  680.0 0.10 0.90
  11850.00 2500.0 1500.0 0.0010  680.0 0.10 0.90
   8105.00 2500.0 1500.0 0.0010  680.0 0.10 0.90
  10650.00 2500.0 1500.0 0.0010  680.0 0.10 0.90
  10250.00 2500.0 1500.0 0.0010  680.0 0.10 0.90
  11800.00 2500.0 1500.0 0.0010  680.0 0.10 0.90
   8890.00 2500.0 1500.0 0.0010  680.0 0.10 0.90
   9550.00 2500.0 1500.0 0.0010  680.0 0.10 0.90
  12250.00 2500.0 1500.0 0.0010  680.0 0.10 0.90
  10205.00 2500.0 1500.0 0.0010  680.0 0.10 0.90
   9745.00 2500.0 1500.0 0.0010  680.0 0.10 0.90
  16300.00 2500.0 1500.0 0.0010  680.0 0.10 0.90
   8890.00 2500.0 1500.0 0.0010  680.0 0.10 0.90
  11200.00 2500.0 1500.0 0.0010  680.0 0.10 0.90
  10300.00 2500.0 1500.0 0.0010  680.0 0.10 0.90
   9310.00 2500.0 1500.0 0.0010  680.0 0.10 0.90
   9310.00 2500.0 1500.0 0.0010  680.0 0.10 0.90
   9310.00 2500.0 1500.0 0.0010  680.0 0.10 0.90
   9745.00 2500.0 1500.0 0.0010  680.0 0.10 0.90
  13000.00 2500.0 1500.0 0.0010  680.0 0.10 0.90
  10205.00 2500.0 1500.0 0.0010  680.0 0.10 0.90
   9310.00 2500.0 1500.0 0.0010  680.0 0.10 0.90
  10690.00 2500.0 1500.0 0.0010  680.0 0.10 0.90
  11400.00 2500.0 1500.0 0.0010  680.0 0.10 0.90
  12270.00 2500.0 1500.0 0.0010  680.0 0.10 0.90
  10205.00 2500.0 1500.0 0.0010  680.0 0.10 0.90
   9745.00 2500.0 1500.0 0.0010  680.0 0.10 0.90
   8890.00 2500.0 1500.0 0.0010  680.0 0.10 0.90
   9745.00 2500.0 1500.0 0.0010  680.0 0.10 0.90
  13000.00 2500.0 1500.0 0.0010  680.0 0.10 0.90
  16500.00 2500.0 1500.0 0.0010  680.0 0.10 0.90
  12800.00 2500.0 1500.0 0.0010  680.0 0.10 0.90
   8105.00 2500.0 1500.0 0.0010  680.0 0.10 0.90
  14150.00 2500.0 1500.0 0.0010  680.0 0.10 0.90
  12800.00 2500.0 1500.0 0.0010  680.0 0.10 0.90
  12500.00 2500.0 1500.0 0.0010  680.0 0.10 0.90
  10205.00 2500.0 1500.0 0.0010  680.0 0.10 0.90
   7740.00 2500.0 1500.0 0.0010  680.0 0.10 0.90
  12400.00 2500.0 1500.0 0.0010  680.0 0.10 0.90
  12550.00 2500.0 1500.0 0.0010  680.0 0.10 0.90
   5610.00 2500.0 1500.0 0.0010  680.0 0.10 0.90
   9400.00 2500.0 1500.0 0.0010  680.0 0.10 0.90
  14750.00 2500.0 1500.0 0.0010  680.0 0.10 0.90
   8890.00 2500.0 1500.0 0.0010  680.0 0.10 0.90
  12950.00 2500.0 1500.0 0.0010  680.0 0.10 0.90
  10205.00 2500.0 1500.0 0.0010  680.0 0.10 0.90
  13550.00 2500.0 1500.0 0.0010  680.0 0.10 0.90
  16350.00 2500.0 1500.0 0.0010  680.0 0.10 0.90
  12270.00 2500.0 1500.0 0.0010  680.0 0.10 0.90
  10205.00 2500.0 1500.0 0.0010  680.0 0.10 0.90
  10205.00 2500.0 1500.0 0.0010  680.0 0.10 0.90
   9310.00 2500.0 1500.0 0.0010  680.0 0.10 0.90
  10690.00 2500.0 1500.0 0.0010  680.0 0.10 0.90
  12850.00 2500.0 1500.0 0.0010  680.0 0.10 0.90
   9745.00 2500.0 1500.0 0.0010  680.0 0.10 0.90
  12270.00 2500.0 1500.0 0.0010  680.0 0.10 0.90
   8890.00 2500.0 1500.0 0.0010  680.0 0.10 0.90
  10205.00 2500.0 1500.0 0.0010  680.0 0.10 0.90
  14950.00 2500.0 1500.0 0.0010  680.0 0.10 0.90
   8500.00 2500.0 1500.0 0.0010  680.0 0.10 0.90
  11190.00 2500.0 1500.0 0.0010  680.0 0.10 0.90
   7060.00 2500.0 1500.0 0.0010  680.0 0.10 0.90
  10690.00 2500.0 1500.0 0.0010  680.0 0.10 0.90
  10205.00 2500.0 1500.0 0.0010  680.0 0.10 0.90
   8890.00 2500.0 1500.0 0.0010  680.0 0.10 0.90
  12850.00 2500.0 1500.0 0.0010  680.0 0.10 0.90
   7740.00 2500.0 1500.0 0.0010  680.0 0.10 0.90
  11720.00 2500.0 1500.0 0.0010  680.0 0.10 0.90
  10690.00 2500.0 1500.0 0.0010  680.0 0.10 0.90
   8105.00 2500.0 1500.0 0.0010  680.0 0.10 0.90
   9745.00 2500.0 1500.0 0.0010  680.0 0.10 0.90
   6440.00 2500.0 1500.0 0.0010  680.0 0.10 0.90
  10690.00 2500.0 1500.0 0.0010  680.0 0.10 0.90
   9745.00 2500.0 1500.0 0.0010  680.0 0.10 0.90
   8890.00 2500.0 1500.0 0.0010  680.0 0.10 0.90
  10690.00 2500.0 1500.0 0.0010  680.0 0.10 0.90
  10205.00 2500.0 1500.0 0.0010  680.0 0.10 0.90
  10205.00 2500.0 1500.0 0.0010  680.0 0.10 0.90
   7060.00 2500.0 1500.0 0.0010  680.0 0.10 0.90
  10690.00 2500.0 1500.0 0.0010  680.0 0.10 0.90
   7740.00 2500.0 1500.0 0.0010  680.0 0.10 0.90
   7740.00 2500.0 1500.0 0.0010  680.0 0.10 0.90
  12270.00 2500.0 1500.0 0.0010  680.0 0.10 0.90
  10690.00 2500.0 1500.0 0.0010  680.0 0.10 0.90
  10205.00 2500.0 1500.0 0.0010  680.0 0.10 0.90
   8890.00 2500.0 1500.0 0.0010  680.0 0.10 0.90
   8490.00 2500.0 1500.0 0.0010  680.0 0.10 0.90
   5875.00 2500.0 1500.0 0.0010  680.0 0.10 0.90
  10205.00 2500.0 1500.0 0.0010  680.0 0.10 0.90
  10205.00 2500.0 1500.0 0.0010  680.0 0.10 0.90
  10205.00 2500.0 1500.0 0.0010  680.0 0.10 0.90
   8105.00 2500.0 1500.0 0.0010  680.0 0.10 0.90
  14090.00 2500.0 1500.0 0.0010  680.0 0.10 0.90
   8490.00 2500.0 1500.0 0.0010  680.0 0.10 0.90
   9745.00 2500.0 1500.0 0.0010  680.0 0.10 0.90
   6440.00 2500.0 1500.0 0.0010  680.0 0.10 0.90
   9310.00 2500.0 1500.0 0.0010  680.0 0.10 0.90
   6745.00 2500.0 1500.0 0.0010  680.0 0.10 0.90
   7740.00 2500.0 1500.0 0.0010  680.0 0.10 0.90
   7060.00 2500.0 1500.0 0.0010  680.0 0.10 0.90
  11720.00 2500.0 1500.0 0.0010  680.0 0.10 0.90
   6150.00 2500.0 1500.0 0.0010  680.0 0.10 0.90
   8490.00 2500.0 1500.0 0.0010  680.0 0.10 0.90
  10350.00 2500.0 1500.0 0.0010  680.0 0.10 0.90
   9310.00 2500.0 1500.0 0.0010  680.0 0.10 0.90
   9650.00 2500.0 1500.0 0.0010  680.0 0.10 0.90
   9310.00 2500.0 1500.0 0.0010  680.0 0.10 0.90
   7060.00 2500.0 1500.0 0.0010  680.0 0.10 0.90
   7395.00 2500.0 1500.0 0.0010  680.0 0.10 0.90
   7395.00 2500.0 1500.0 0.0010  680.0 0.10 0.90
  12270.00 2500.0 1500.0 0.0010  680.0 0.10 0.90
   8890.00 2500.0 1500.0 0.0010  680.0 0.10 0.90
   6745.00 2500.0 1500.0 0.0010  680.0 0.10 0.90
   7395.00 2500.0 1500.0 0.0010  680.0 0.10 0.90
  10205.00 2500.0 1500.0 0.0010  680.0 0.10 0.90
  10205.00 2500.0 1500.0 0.0010  680.0 0.10 0.90
   7395.00 2500.0 1500.0 0.0010  680.0 0.10 0.90
   7060.00 2500.0 1500.0 0.0010  680.0 0.10 0.90
   8490.00 2500.0 1500.0 0.0010  680.0 0.10 0.90
   8105.00 2500.0 1500.0 0.0010  680.0 0.10 0.90
  10690.00 2500.0 1500.0 0.0010  680.0 0.10 0.90
   9050.00 2500.0 1500.0 0.0010  680.0 0.10 0.90
   7740.00 2500.0 1500.0 0.0010  680.0 0.10 0.90
   7395.00 2500.0 1500.0 0.0010  680.0 0.10 0.90
   9310.00 2500.0 1500.0 0.0010  680.0 0.10 0.90
   7740.00 2500.0 1500.0 0.0010  680.0 0.10 0.90
   8490.00 2500.0 1500.0 0.0010  680.0 0.10 0.90
   5115.00 2500.0 1500.0 0.0010  680.0 0.10 0.90
   7395.00 2500.0 1500.0 0.0010  680.0 0.10 0.90
   8890.00 2500.0 1500.0 0.0010  680.0 0.10 0.90
   8490.00 2500.0 1500.0 0.0010  680.0 0.10 0.90
   7395.00 2500.0 1500.0 0.0010  680.0 0.10 0.90
   9745.00 2500.0 1500.0 0.0010  680.0 0.10 0.90
  10690.00 2500.0 1500.0 0.0010  680.0 0.10 0.90
   5610.00 2500.0 1500.0 0.0010  680.0 0.10 0.90
   8105.00 2500.0 1500.0 0.0010  680.0 0.10 0.90
   7740.00 2500.0 1500.0 0.0010  680.0 0.10 0.90
   8890.00 2500.0 1500.0 0.0010  680.0 0.10 0.90
   7060.00 2500.0 1500.0 0.0010  680.0 0.10 0.90
  10690.00 2500.0 1500.0 0.0010  680.0 0.10 0.90
   6440.00 2500.0 1500.0 0.0010  680.0 0.10 0.90
   8890.00 2500.0 1500.0 0.0010  680.0 0.10 0.90
   7060.00 2500.0 1500.0 0.0010  680.0 0.10 0.90
   8105.00 2500.0 1500.0 0.0010  680.0 0.10 0.90
   6745.00 2500.0 1500.0 0.0010  680.0 0.10 0.90
   8105.00 2500.0 1500.0 0.0010  680.0 0.10 0.90
   9745.00 2500.0 1500.0 0.0010  680.0 0.10 0.90
   7060.00 2500.0 1500.0 0.0010  680.0 0.10 0.90
   9310.00 2500.0 1500.0 0.0010  680.0 0.10 0.90
   7395.00 2500.0 1500.0 0.0010  680.0 0.10 0.90
   7395.00 2500.0 1500.0 0.0010  680.0 0.10 0.90
  10205.00 2500.0 1500.0 0.0010  680.0 0.10 0.90
   7395.00 2500.0 1500.0 0.0010  680.0 0.10 0.90
   8105.00 2500.0 1500.0 0.0010  680.0 0.10 0.90
   8105.00 2500.0 1500.0 0.0010  680.0 0.10 0.90
  12850.00 2500.0 1500.0 0.0010  680.0 0.10 0.90
   6745.00 2500.0 1500.0 0.0010  680.0 0.10 0.90
   7395.00 2500.0 1500.0 0.0010  680.0 0.10 0.90
  10205.00 2500.0 1500.0 0.0010  680.0 0.10 0.90
  10690.00 2500.0 1500.0 0.0010  680.0 0.10 0.90
   6440.00 2500.0 1500.0 0.0010  680.0 0.10 0.90
   7395.00 2500.0 1500.0 0.0010  680.0 0.10 0.90
   8105.00 2500.0 1500.0 0.0010  680.0 0.10 0.90
   6745.00 2500.0 1500.0 0.0010  680.0 0.10 0.90
   8490.00 2500.0 1500.0 0.0010  680.0 0.10 0.90
   8890.00 2500.0 1500.0 0.0010  680.0 0.10 0.90
   5875.00 2500.0 1500.0 0.0010  680.0 0.10 0.90
   8890.00 2500.0 1500.0 0.0010  680.0 0.10 0.90
  10690.00 2500.0 1500.0 0.0010  680.0 0.10 0.90
   9745.00 2500.0 1500.0 0.0010  680.0 0.10 0.90
   5610.00 2500.0 1500.0 0.0010  680.0 0.10 0.90
   7395.00 2500.0 1500.0 0.0010  680.0 0.10 0.90
   7060.00 2500.0 1500.0 0.0010  680.0 0.10 0.90
   8105.00 2500.0 1500.0 0.0010  680.0 0.10 0.90
   9310.00 2500.0 1500.0 0.0010  680.0 0.10 0.90
   8890.00 2500.0 1500.0 0.0010  680.0 0.10 0.90
   9310.00 2500.0 1500.0 0.0010  680.0 0.10 0.90
   9745.00 2500.0 1500.0 0.0010  680.0 0.10 0.90
   8105.00 2500.0 1500.0 0.0010  680.0 0.10 0.90
   9745.00 2500.0 1500.0 0.0010  680.0 0.10 0.90
   7740.00 2500.0 1500.0 0.0010  680.0 0.10 0.90
   6440.00 2500.0 1500.0 0.0010  680.0 0.10 0.90
   9745.00 2500.0 1500.0 0.0010  680.0 0.10 0.90
  11190.00 2500.0 1500.0 0.0010  680.0 0.10 0.90
   9745.00 2500.0 1500.0 0.0010  680.0 0.10 0.90
   5875.00 2500.0 1500.0 0.0010  680.0 0.10 0.90
   9310.00 2500.0 1500.0 0.0010  680.0 0.10 0.90
   7060.00 2500.0 1500.0 0.0010  680.0 0.10 0.90
   7395.00 2500.0 1500.0 0.0010  680.0 0.10 0.90
   5875.00 2500.0 1500.0 0.0010  680.0 0.10 0.90
   7395.00 2500.0 1500.0 0.0010  680.0 0.10 0.90
   8890.00 2500.0 1500.0 0.0010  680.0 0.10 0.90
   7395.00 2500.0 1500.0 0.0010  680.0 0.10 0.90
   8105.00 2500.0 1500.0 0.0010  680.0 0.10 0.90
   7060.00 2500.0 1500.0 0.0010  680.0 0.10 0.90
   8890.00 2500.0 1500.0 0.0010  680.0 0.10 0.90
   7395.00 2500.0 1500.0 0.0010  680.0 0.10 0.90
   7740.00 2500.0 1500.0 0.0010  680.0 0.10 0.90
   7060.00 2500.0 1500.0 0.0010  680.0 0.10 0.90
   7740.00 2500.0 1500.0 0.0010  680.0 0.10 0.90
   7060.00 2500.0 1500.0 0.0010  680.0 0.10 0.90
   7395.00 2500.0 1500.0 0.0010  680.0 0.10 0.90
   9310.00 2500.0 1500.0 0.0010  680.0 0.10 0.90
   8490.00 2500.0 1500.0 0.0010  680.0 0.10 0.90
  10205.00 2500.0 1500.0 0.0010  680.0 0.10 0.90
   7395.00 2500.0 1500.0 0.0010  680.0 0.10 0.90
   8490.00 2500.0 1500.0 0.0010  680.0 0.10 0.90
  11190.00 2500.0 1500.0 0.0010  680.0 0.10 0.90
   5610.00 2500.0 1500.0 0.0010  680.0 0.10 0.90
   8105.00 2500.0 1500.0 0.0010  680.0 0.10 0.90
   6745.00 2500.0 1500.0 0.0010  680.0 0.10 0.90
   6440.00 2500.0 1500.0 0.0010  680.0 0.10 0.90
   6745.00 2500.0 1500.0 0.0010  680.0 0.10 0.90
   5355.00 2500.0 1500.0 0.0010  680.0 0.10 0.90
   6745.00 2500.0 1500.0 0.0010  680.0 0.10 0.90
   7740.00 2500.0 1500.0 0.0010  680.0 0.10 0.90
   7740.00 2500.0 1500.0 0.0010  680.0 0.10 0.90
   8490.00 2500.0 1500.0 0.0010  680.0 0.10 0.90
   4665.00 2500.0 1500.0 0.0010  680.0 0.10 0.90
   5875.00 2500.0 1500.0 0.0010  680.0 0.10 0.90
   5115.00 2500.0 1500.0 0.0010  680.0 0.10 0.90
   5610.00 2500.0 1500.0 0.0010  680.0 0.10 0.90
   6440.00 2500.0 1500.0 0.0010  680.0 0.10 0.90
   5610.00 2500.0 1500.0 0.0010  680.0 0.10 0.90
   8105.00 2500.0 1500.0 0.0010  680.0 0.10 0.90
   5875.00 2500.0 1500.0 0.0010  680.0 0.10 0.90
   8105.00 2500.0 1500.0 0.0010  680.0 0.10 0.90
   6440.00 2500.0 1500.0 0.0010  680.0 0.10 0.90
   8105.00 2500.0 1500.0 0.0010  680.0 0.10 0.90
   5875.00 2500.0 1500.0 0.0010  680.0 0.10 0.90
   6440.00 2500.0 1500.0 0.0010  680.0 0.10 0.90
   9745.00 2500.0 1500.0 0.0010  680.0 0.10 0.90
   5355.00 2500.0 1500.0 0.0010  680.0 0.10 0.90
   8490.00 2500.0 1500.0 0.0010  680.0 0.10 0.90
   5355.00 2500.0 1500.0 0.0010  680.0 0.10 0.90
   6440.00 2500.0 1500.0 0.0010  680.0 0.10 0.90
   7060.00 2500.0 1500.0 0.0010  680.0 0.10 0.90
   7395.00 2500.0 1500.0 0.0010  680.0 0.10 0.90
   6440.00 2500.0 1500.0 0.0010  680.0 0.10 0.90
   4665.00 2500.0 1500.0 0.0010  680.0 0.10 0.90
   7740.00 2500.0 1500.0 0.0010  680.0 0.10 0.90
   4885.00 2500.0 1500.0 0.0010  680.0 0.10 0.90
   8490.00 2500.0 1500.0 0.0010  680.0 0.10 0.90
   4455.00 2500.0 1500.0 0.0010  680.0 0.10 0.90
   8490.00 2500.0 1500.0 0.0010  680.0 0.10 0.90
   5875.00 2500.0 1500.0 0.0010  680.0 0.10 0.90
   9310.00 2500.0 1500.0 0.0010  680.0 0.10 0.90
   5355.00 2500.0 1500.0 0.0010  680.0 0.10 0.90
   6150.00 2500.0 1500.0 0.0010  680.0 0.10 0.90
   5355.00 2500.0 1500.0 0.0010  680.0 0.10 0.90
   4455.00 2500.0 1500.0 0.0010  680.0 0.10 0.90
   5875.00 2500.0 1500.0 0.0010  680.0 0.10 0.90
   6150.00 2500.0 1500.0 0.0010  680.0 0.10 0.90
   7395.00 2500.0 1500.0 0.0010  680.0 0.10 0.90
   6745.00 2500.0 1500.0 0.0010  680.0 0.10 0.90
   7060.00 2500.0 1500.0 0.0010  680.0 0.10 0.90
   7060.00 2500.0 1500.0 0.0010  680.0 0.10 0.90
   5875.00 2500.0 1500.0 0.0010  680.0 0.10 0.90
   6150.00 2500.0 1500.0 0.0010  680.0 0.10 0.90
   5355.00 2500.0 1500.0 0.0010  680.0 0.10 0.90
   4885.00 2500.0 1500.0 0.0010  680.0 0.10 0.90
   5875.00 2500.0 1500.0 0.0010  680.0 0.10 0.90
   6150.00 2500.0 1500.0 0.0010  680.0 0.10 0.90
   5875.00 2500.0 1500.0 0.0010  680.0 0.10 0.90
   8890.00 2500.0 1500.0 0.0010  680.0 0.10 0.90
   7060.00 2500.0 1500.0 0.0010  680.0 0.10 0.90
   5355.00 2500.0 1500.0 0.0010  680.0 0.10 0.90
   7395.00 2500.0 1500.0 0.0010  680.0 0.10 0.90
   5355.00 2500.0 1500.0 0.0010  680.0 0.10 0.90
   6440.00 2500.0 1500.0 0.0010  680.0 0.10 0.90
   7395.00 2500.0 1500.0 0.0010  680.0 0.10 0.90
   7395.00 2500.0 1500.0 0.0010  680.0 0.10 0.90
   4885.00 2500.0 1500.0 0.0010  680.0 0.10 0.90
   2685.00 2500.0 1500.0 0.0010  680.0 0.10 0.90
   8490.00 2500.0 1500.0 0.0010  680.0 0.10 0.90
   7395.00 2500.0 1500.0 0.0010  680.0 0.10 0.90
   5355.00 2500.0 1500.0 0.0010  680.0 0.10 0.90
   6150.00 2500.0 1500.0 0.0010  680.0 0.10 0.90
   3705.00 2500.0 1500.0 0.0010  680.0 0.10 0.90
   4065.00 2500.0 1500.0 0.0010  680.0 0.10 0.90
   4255.00 2500.0 1500.0 0.0010  680.0 0.10 0.90
   5115.00 2500.0 1500.0 0.0010  680.0 0.10 0.90
   7060.00 2500.0 1500.0 0.0010  680.0 0.10 0.90
   4455.00 2500.0 1500.0 0.0010  680.0 0.10 0.90
   3230.00 2500.0 1500.0 0.0010  680.0 0.10 0.90
   4255.00 2500.0 1500.0 0.0010  680.0 0.10 0.90
   4455.00 2500.0 1500.0 0.0010  680.0 0.10 0.90
   7060.00 2500.0 1500.0 0.0010  680.0 0.10 0.90
   6150.00 2500.0 1500.0 0.0010  680.0 0.10 0.90
   4065.00 2500.0 1500.0 0.0010  680.0 0.10 0.90
   7740.00 2500.0 1500.0 0.0010  680.0 0.10 0.90
   8105.00 2500.0 1500.0 0.0010  680.0 0.10 0.90
   5610.00 2500.0 1500.0 0.0010  680.0 0.10 0.90
   5115.00 2500.0 1500.0 0.0010  680.0 0.10 0.90
   4665.00 2500.0 1500.0 0.0010  680.0 0.10 0.90
   5115.00 2500.0 1500.0 0.0010  680.0 0.10 0.90
   5115.00 2500.0 1500.0 0.0010  680.0 0.10 0.90
   5875.00 2500.0 1500.0 0.0010  680.0 0.10 0.90
   7395.00 2500.0 1500.0 0.0010  680.0 0.10 0.90
   6745.00 2500.0 1500.0 0.0010  680.0 0.10 0.90
   5115.00 2500.0 1500.0 0.0010  680.0 0.10 0.90
   6440.00 2500.0 1500.0 0.0010  680.0 0.10 0.90
   5355.00 2500.0 1500.0 0.0010  680.0 0.10 0.90
   2450.00 2500.0 1500.0 0.0010  680.0 0.10 0.90
   3540.00 2500.0 1500.0 0.0010  680.0 0.10 0.90
   5610.00 2500.0 1500.0 0.0010  680.0 0.10 0.90
   6440.00 2500.0 1500.0 0.0010  680.0 0.10 0.90
   7740.00 2500.0 1500.0 0.0010  680.0 0.10 0.90
   5875.00 2500.0 1500.0 0.0010  680.0 0.10 0.90
   5115.00 2500.0 1500.0 0.0010  680.0 0.10 0.90
   6150.00 2500.0 1500.0 0.0010  680.0 0.10 0.90
   6440.00 2500.0 1500.0 0.0010  680.0 0.10 0.90
   7740.00 2500.0 1500.0 0.0010  680.0 0.10 0.90
   5610.00 2500.0 1500.0 0.0010  680.0 0.10 0.90
   5355.00 2500.0 1500.0 0.0010  680.0 0.10 0.90
   3080.00 2500.0 1500.0 0.0010  680.0 0.10 0.90
   5610.00 2500.0 1500.0 0.0010  680.0 0.10 0.90
   3380.00 2500.0 1500.0 0.0010  680.0 0.10 0.90
   5355.00 2500.0 1500.0 0.0010  680.0 0.10 0.90
   5355.00 2500.0 1500.0 0.0010  680.0 0.10 0.90
   5115.00 2500.0 1500.0 0.0010  680.0 0.10 0.90
   9310.00 2500.0 1500.0 0.0010  680.0 0.10 0.90
   5875.00 2500.0 1500.0 0.0010  680.0 0.10 0.90
   4065.00 2500.0 1500.0 0.0010  680.0 0.10 0.90
   5875.00 2500.0 1500.0 0.0010  680.0 0.10 0.90
   5610.00 2500.0 1500.0 0.0010  680.0 0.10 0.90
   4885.00 2500.0 1500.0 0.0010  680.0 0.10 0.90
   5355.00 2500.0 1500.0 0.0010  680.0 0.10 0.90
   7395.00 2500.0 1500.0 0.0010  680.0 0.10 0.90
   5115.00 2500.0 1500.0 0.0010  680.0 0.10 0.90
   5875.00 2500.0 1500.0 0.0010  680.0 0.10 0.90
   3880.00 2500.0 1500.0 0.0010  680.0 0.10 0.90
   6150.00 2500.0 1500.0 0.0010  680.0 0.10 0.90
   3705.00 2500.0 1500.0 0.0010  680.0 0.10 0.90
   6745.00 2500.0 1500.0 0.0010  680.0 0.10 0.90
   6150.00 2500.0 1500.0 0.0010  680.0 0.10 0.90
   4665.00 2500.0 1500.0 0.0010  680.0 0.10 0.90
   3880.00 2500.0 1500.0 0.0010  680.0 0.10 0.90
   4665.00 2500.0 1500.0 0.0010  680.0 0.10 0.90
   4455.00 2500.0 1500.0 0.0010  680.0 0.10 0.90
   5875.00 2500.0 1500.0 0.0010  680.0 0.10 0.90
   4255.00 2500.0 1500.0 0.0010  680.0 0.10 0.90
   6150.00 2500.0 1500.0 0.0010  680.0 0.10 0.90
   5610.00 2500.0 1500.0 0.0010  680.0 0.10 0.90
   5115.00 2500.0 1500.0 0.0010  680.0 0.10 0.90
   5355.00 2500.0 1500.0 0.0010  680.0 0.10 0.90
   5875.00 2500.0 1500.0 0.0010  680.0 0.10 0.90
   4665.00 2500.0 1500.0 0.0010  680.0 0.10 0.90
   8490.00 2500.0 1500.0 0.0010  680.0 0.10 0.90
   7060.00 2500.0 1500.0 0.0010  680.0 0.10 0.90
   6150.00 2500.0 1500.0 0.0010  680.0 0.10 0.90
   4885.00 2500.0 1500.0 0.0010  680.0 0.10 0.90
   4665.00 2500.0 1500.0 0.0010  680.0 0.10 0.90
   7060.00 2500.0 1500.0 0.0010  680.0 0.10 0.90
   7060.00 2500.0 1500.0 0.0010  680.0 0.10 0.90
   3080.00 2500.0 1500.0 0.0010  680.0 0.10 0.90
   4065.00 2500.0 1500.0 0.0010  680.0 0.10 0.90
   5610.00 2500.0 1500.0 0.0010  680.0 0.10 0.90
   4885.00 2500.0 1500.0 0.0010  680.0 0.10 0.90
   4665.00 2500.0 1500.0 0.0010  680.0 0.10 0.90
   5875.00 2500.0 1500.0 0.0010  680.0 0.10 0.90
   4065.00 2500.0 1500.0 0.0010  680.0 0.10 0.90
   5115.00 2500.0 1500.0 0.0010  680.0 0.10 0.90
   5875.00 2500.0 1500.0 0.0010  680.0 0.10 0.90
   4065.00 2500.0 1500.0 0.0010  680.0 0.10 0.90
   2810.00 2500.0 1500.0 0.0010  680.0 0.10 0.90
   4665.00 2500.0 1500.0 0.0010  680.0 0.10 0.90
   7060.00 2500.0 1500.0 0.0010  680.0 0.10 0.90
   4665.00 2500.0 1500.0 0.0010  680.0 0.10 0.90
   3880.00 2500.0 1500.0 0.0010  680.0 0.10 0.90
   5115.00 2500.0 1500.0 0.0010  680.0 0.10 0.90
   3880.00 2500.0 1500.0 0.0010  680.0 0.10 0.90
   6745.00 2500.0 1500.0 0.0010  680.0 0.10 0.90
   3705.00 2500.0 1500.0 0.0010  680.0 0.10 0.90
   5875.00 2500.0 1500.0 0.0010  680.0 0.10 0.90
   4665.00 2500.0 1500.0 0.0010  680.0 0.10 0.90
   7060.00 2500.0 1500.0 0.0010  680.0 0.10 0.90
   4885.00 2500.0 1500.0 0.0010  680.0 0.10 0.90
   5610.00 2500.0 1500.0 0.0010  680.0 0.10 0.90
   5610.00 2500.0 1500.0 0.0010  680.0 0.10 0.90
   4255.00 2500.0 1500.0 0.0010  680.0 0.10 0.90
   4665.00 2500.0 1500.0 0.0010  680.0 0.10 0.90
   6440.00 2500.0 1500.0 0.0010  680.0 0.10 0.90
   5610.00 2500.0 1500.0 0.0010  680.0 0.10 0.90
   4885.00 2500.0 1500.0 0.0010  680.0 0.10 0.90
   5355.00 2500.0 1500.0 0.0010  680.0 0.10 0.90
   5115.00 2500.0 1500.0 0.0010  680.0 0.10 0.90
   4455.00 2500.0 1500.0 0.0010  680.0 0.10 0.90
   5115.00 2500.0 1500.0 0.0010  680.0 0.10 0.90
   6745.00 2500.0 1500.0 0.0010  680.0 0.10 0.90
   2565.00 2500.0 1500.0 0.0010  680.0 0.10 0.90
   4885.00 2500.0 1500.0 0.0010  680.0 0.10 0.90
   4065.00 2500.0 1500.0 0.0010  680.0 0.10 0.90
   4885.00 2500.0 1500.0 0.0010  680.0 0.10 0.90
   6150.00 2500.0 1500.0 0.0010  680.0 0.10 0.90
   6150.00 2500.0 1500.0 0.0010  680.0 0.10 0.90
   8105.00 2500.0 1500.0 0.0010  680.0 0.10 0.90
   4455.00 2500.0 1500.0 0.0010  680.0 0.10 0.90
   4255.00 2500.0 1500.0 0.0010  680.0 0.10 0.90
   7060.00 2500.0 1500.0 0.0010  680.0 0.10 0.90
   4455.00 2500.0 1500.0 0.0010  680.0 0.10 0.90
   4665.00 2500.0 1500.0 0.0010  680.0 0.10 0.90
   2810.00 2500.0 1500.0 0.0010  680.0 0.10 0.90
   5115.00 2500.0 1500.0 0.0010  680.0 0.10 0.90
   5875.00 2500.0 1500.0 0.0010  680.0 0.10 0.90
   5355.00 2500.0 1500.0 0.0010  680.0 0.10 0.90
   4455.00 2500.0 1500.0 0.0010  680.0 0.10 0.90
   5610.00 2500.0 1500.0 0.0010  680.0 0.10 0.90
   7060.00 2500.0 1500.0 0.0010  680.0 0.10 0.90
   3880.00 2500.0 1500.0 0.0010  680.0 0.10 0.90
   6440.00 2500.0 1500.0 0.0010  680.0 0.10 0.90
   4885.00 2500.0 1500.0 0.0010  680.0 0.10 0.90
   5115.00 2500.0 1500.0 0.0010  680.0 0.10 0.90
   4455.00 2500.0 1500.0 0.0010  680.0 0.10 0.90
   4665.00 2500.0 1500.0 0.0010  680.0 0.10 0.90
   3080.00 2500.0 1500.0 0.0010  680.0 0.10 0.90
   4255.00 2500.0 1500.0 0.0010  680.0 0.10 0.90
   4665.00 2500.0 1500.0 0.0010  680.0 0.10 0.90
   9310.00 2500.0 1500.0 0.0010  680.0 0.10 0.90
   6440.00 2500.0 1500.0 0.0010  680.0 0.10 0.90
   7060.00 2500.0 1500.0 0.0010  680.0 0.10 0.90
   6150.00 2500.0 1500.0 0.0010  680.0 0.10 0.90
   6150.00 2500.0 1500.0 0.0010  680.0 0.10 0.90
   6150.00 2500.0 1500.0 0.0010  680.0 0.10 0.90
   4665.00 2500.0 1500.0 0.0010  680.0 0.10 0.90
   4065.00 2500.0 1500.0 0.0010  680.0 0.10 0.90
   7395.00 2500.0 1500.0 0.0010  680.0 0.10 0.90
   5610.00 2500.0 1500.0 0.0010  680.0 0.10 0.90
   5875.00 2500.0 1500.0 0.0010  680.0 0.10 0.90
   5610.00 2500.0 1500.0 0.0010  680.0 0.10 0.90
   5610.00 2500.0 1500.0 0.0010  680.0 0.10 0.90
   8890.00 2500.0 1500.0 0.0010  680.0 0.10 0.90
   4665.00 2500.0 1500.0 0.0010  680.0 0.10 0.90
   5355.00 2500.0 1500.0 0.0010  680.0 0.10 0.90
   4255.00 2500.0 1500.0 0.0010  680.0 0.10 0.90
   3230.00 2500.0 1500.0 0.0010  680.0 0.10 0.90
   4885.00 2500.0 1500.0 0.0010  680.0 0.10 0.90
   5875.00 2500.0 1500.0 0.0010  680.0 0.10 0.90
   6440.00 2500.0 1500.0 0.0010  680.0 0.10 0.90
   3540.00 2500.0 1500.0 0.0010  680.0 0.10 0.90
   5875.00 2500.0 1500.0 0.0010  680.0 0.10 0.90
   6440.00 2500.0 1500.0 0.0010  680.0 0.10 0.90
   7060.00 2500.0 1500.0 0.0010  680.0 0.10 0.90
   6440.00 2500.0 1500.0 0.0010  680.0 0.10 0.90
   6745.00 2500.0 1500.0 0.0010  680.0 0.10 0.90
   6745.00 2500.0 1500.0 0.0010  680.0 0.10 0.90
   5610.00 2500.0 1500.0 0.0010  680.0 0.10 0.90
   4885.00 2500.0 1500.0 0.0010  680.0 0.10 0.90
   4665.00 2500.0 1500.0 0.0010  680.0 0.10 0.90
   5610.00 2500.0 1500.0 0.0010  680.0 0.10 0.90
   4065.00 2500.0 1500.0 0.0010  680.0 0.10 0.90
   5355.00 2500.0 1500.0 0.0010  680.0 0.10 0.90
   6150.00 2500.0 1500.0 0.0010  680.0 0.10 0.90
   6745.00 2500.0 1500.0 0.0010  680.0 0.10 0.90
   5875.00 2500.0 1500.0 0.0010  680.0 0.10 0.90
   4885.00 2500.0 1500.0 0.0010  680.0 0.10 0.90
   5355.00 2500.0 1500.0 0.0010  680.0 0.10 0.90
   3380.00 2500.0 1500.0 0.0010  680.0 0.10 0.90
   4665.00 2500.0 1500.0 0.0010  680.0 0.10 0.90
   4455.00 2500.0 1500.0 0.0010  680.0 0.10 0.90
   6150.00 2500.0 1500.0 0.0010  680.0 0.10 0.90
   4065.00 2500.0 1500.0 0.0010  680.0 0.10 0.90
   5355.00 2500.0 1500.0 0.0010  680.0 0.10 0.90
   3880.00 2500.0 1500.0 0.0010  680.0 0.10 0.90
   5610.00 2500.0 1500.0 0.0010  680.0 0.10 0.90
   4065.00 2500.0 1500.0 0.0010  680.0 0.10 0.90
   6440.00 2500.0 1500.0 0.0010  680.0 0.10 0.90
   5610.00 2500.0 1500.0 0.0010  680.0 0.10 0.90
   5115.00 2500.0 1500.0 0.0010  680.0 0.10 0.90
   3705.00 2500.0 1500.0 0.0010  680.0 0.10 0.90
   6440.00 2500.0 1500.0 0.0010  680.0 0.10 0.90
   5875.00 2500.0 1500.0 0.0010  680.0 0.10 0.90
   6440.00 2500.0 1500.0 0.0010  680.0 0.10 0.90
   5875.00 2500.0 1500.0 0.0010  680.0 0.10 0.90
   7060.00 2500.0 1500.0 0.0010  680.0 0.10 0.90
   5115.00 2500.0 1500.0 0.0010  680.0 0.10 0.90
   5115.00 2500.0 1500.0 0.0010  680.0 0.10 0.90
   4885.00 2500.0 1500.0 0.0010  680.0 0.10 0.90
   5610.00 2500.0 1500.0 0.0010  680.0 0.10 0.90
   4455.00 2500.0 1500.0 0.0010  680.0 0.10 0.90
   4885.00 2500.0 1500.0 0.0010  680.0 0.10 0.90
   3540.00 2500.0 1500.0 0.0010  680.0 0.10 0.90
   7740.00 2500.0 1500.0 0.0010  680.0 0.10 0.90
   5875.00 2500.0 1500.0 0.0010  680.0 0.10 0.90
   5875.00 2500.0 1500.0 0.0010  680.0 0.10 0.90
   5610.00 2500.0 1500.0 0.0010  680.0 0.10 0.90
   6745.00 2500.0 1500.0 0.0010  680.0 0.10 0.90
   6150.00 2500.0 1500.0 0.0010  680.0 0.10 0.90
   6150.00 2500.0 1500.0 0.0010  680.0 0.10 0.90
   5875.00 2500.0 1500.0 0.0010  680.0 0.10 0.90
   5875.00 2500.0 1500.0 0.0010  680.0 0.10 0.90
   5355.00 2500.0 1500.0 0.0010  680.0 0.10 0.90
   4665.00 2500.0 1500.0 0.0010  680.0 0.10 0.90
   3705.00 2500.0 1500.0 0.0010  680.0 0.10 0.90
   5610.00 2500.0 1500.0 0.0010  680.0 0.10 0.90
   4455.00 2500.0 1500.0 0.0010  680.0 0.10 0.90
   5610.00 2500.0 1500.0 0.0010  680.0 0.10 0.90
   3705.00 2500.0 1500.0 0.0010  680.0 0.10 0.90
   7740.00 2500.0 1500.0 0.0010  680.0 0.10 0.90
   5875.00 2500.0 1500.0 0.0010  680.0 0.10 0.90
   6440.00 2500.0 1500.0 0.0010  680.0 0.10 0.90
   6440.00 2500.0 1500.0 0.0010  680.0 0.10 0.90
   4885.00 2500.0 1500.0 0.0010  680.0 0.10 0.90
   5115.00 2500.0 1500.0 0.0010  680.0 0.10 0.90
   3705.00 2500.0 1500.0 0.0010  680.0 0.10 0.90
   5875.00 2500.0 1500.0 0.0010  680.0 0.10 0.90
   4455.00 2500.0 1500.0 0.0010  680.0 0.10 0.90
   3540.00 2500.0 1500.0 0.0010  680.0 0.10 0.90
   4455.00 2500.0 1500.0 0.0010  680.0 0.10 0.90
   6440.00 2500.0 1500.0 0.0010  680.0 0.10 0.90
   4665.00 2500.0 1500.0 0.0010  680.0 0.10 0.90
   5875.00 2500.0 1500.0 0.0010  680.0 0.10 0.90
   4665.00 2500.0 1500.0 0.0010  680.0 0.10 0.90
   8490.00 2500.0 1500.0 0.0010  680.0 0.10 0.90
   5610.00 2500.0 1500.0 0.0010  680.0 0.10 0.90
   4455.00 2500.0 1500.0 0.0010  680.0 0.10 0.90
   5355.00 2500.0 1500.0 0.0010  680.0 0.10 0.90
   4885.00 2500.0 1500.0 0.0010  680.0 0.10 0.90
   7395.00 2500.0 1500.0 0.0010  680.0 0.10 0.90
   5115.00 2500.0 1500.0 0.0010  680.0 0.10 0.90
   8105.00 2500.0 1500.0 0.0010  680.0 0.10 0.90
   4885.00 2500.0 1500.0 0.0010  680.0 0.10 0.90
   4885.00 2500.0 1500.0 0.0010  680.0 0.10 0.90
   6150.00 2500.0 1500.0 0.0010  680.0 0.10 0.90
   6745.00 2500.0 1500.0 0.0010  680.0 0.10 0.90
   4455.00 2500.0 1500.0 0.0010  680.0 0.10 0.90
   4255.00 2500.0 1500.0 0.0010  680.0 0.10 0.90
   5610.00 2500.0 1500.0 0.0010  680.0 0.10 0.90
   4455.00 2500.0 1500.0 0.0010  680.0 0.10 0.90
   5115.00 2500.0 1500.0 0.0010  680.0 0.10 0.90
   4455.00 2500.0 1500.0 0.0010  680.0 0.10 0.90
   3705.00 2500.0 1500.0 0.0010  680.0 0.10 0.90
   5875.00 2500.0 1500.0 0.0010  680.0 0.10 0.90
   5115.00 2500.0 1500.0 0.0010  680.0 0.10 0.90
   4455.00 2500.0 1500.0 0.0010  680.0 0.10 0.90
   7060.00 2500.0 1500.0 0.0010  680.0 0.10 0.90
   6745.00 2500.0 1500.0 0.0010  680.0 0.10 0.90
   3705.00 2500.0 1500.0 0.0010  680.0 0.10 0.90
   6150.00 2500.0 1500.0 0.0010  680.0 0.10 0.90
   3705.00 2500.0 1500.0 0.0010  680.0 0.10 0.90
   4885.00 2500.0 1500.0 0.0010  680.0 0.10 0.90
   4885.00 2500.0 1500.0 0.0010  680.0 0.10 0.90
   6440.00 2500.0 1500.0 0.0010  680.0 0.10 0.90
   2340.00 2500.0 1500.0 0.0010  680.0 0.10 0.90
   3880.00 2500.0 1500.0 0.0010  680.0 0.10 0.90
   6745.00 2500.0 1500.0 0.0010  680.0 0.10 0.90
   7395.00 2500.0 1500.0 0.0010  680.0 0.10 0.90
   5610.00 2500.0 1500.0 0.0010  680.0 0.10 0.90
   4255.00 2500.0 1500.0 0.0010  680.0 0.10 0.90
   5875.00 2500.0 1500.0 0.0010  680.0 0.10 0.90
   5610.00 2500.0 1500.0 0.0010  680.0 0.10 0.90
   5355.00 2500.0 1500.0 0.0010  680.0 0.10 0.90
   3880.00 2500.0 1500.0 0.0010  680.0 0.10 0.90
   3540.00 2500.0 1500.0 0.0010  680.0 0.10 0.90
   4255.00 2500.0 1500.0 0.0010  680.0 0.10 0.90
   5875.00 2500.0 1500.0 0.0010  680.0 0.10 0.90
   4665.00 2500.0 1500.0 0.0010  680.0 0.10 0.90
   3230.00 2500.0 1500.0 0.0010  680.0 0.10 0.90
   3880.00 2500.0 1500.0 0.0010  680.0 0.10 0.90
   7395.00 2500.0 1500.0 0.0010  680.0 0.10 0.90
   6150.00 2500.0 1500.0 0.0010  680.0 0.10 0.90
   3880.00 2500.0 1500.0 0.0010  680.0 0.10 0.90
   4255.00 2500.0 1500.0 0.0010  680.0 0.10 0.90
   4665.00 2500.0 1500.0 0.0010  680.0 0.10 0.90
   3540.00 2500.0 1500.0 0.0010  680.0 0.10 0.90
   3380.00 2500.0 1500.0 0.0010  680.0 0.10 0.90
   5610.00 2500.0 1500.0 0.0010  680.0 0.10 0.90
   3540.00 2500.0 1500.0 0.0010  680.0 0.10 0.90
   4455.00 2500.0 1500.0 0.0010  680.0 0.10 0.90
   3380.00 2500.0 1500.0 0.0010  680.0 0.10 0.90
   2810.00 2500.0 1500.0 0.0010  680.0 0.10 0.90
   2340.00 2500.0 1500.0 0.0010  680.0 0.10 0.90
   2945.00 2500.0 1500.0 0.0010  680.0 0.10 0.90
   4065.00 2500.0 1500.0 0.0010  680.0 0.10 0.90
   5115.00 2500.0 1500.0 0.0010  680.0 0.10 0.90
   4885.00 2500.0 1500.0 0.0010  680.0 0.10 0.90
   5875.00 2500.0 1500.0 0.0010  680.0 0.10 0.90
   8105.00 2500.0 1500.0 0.0010  680.0 0.10 0.90
   5355.00 2500.0 1500.0 0.0010  680.0 0.10 0.90
   5115.00 2500.0 1500.0 0.0010  680.0 0.10 0.90
   4885.00 2500.0 1500.0 0.0010  680.0 0.10 0.90
   7060.00 2500.0 1500.0 0.0010  680.0 0.10 0.90
   3880.00 2500.0 1500.0 0.0010  680.0 0.10 0.90
   5115.00 2500.0 1500.0 0.0010  680.0 0.10 0.90
   4885.00 2500.0 1500.0 0.0010  680.0 0.10 0.90
   3380.00 2500.0 1500.0 0.0010  680.0 0.10 0.90
   3540.00 2500.0 1500.0 0.0010  680.0 0.10 0.90
   5610.00 2500.0 1500.0 0.0010  680.0 0.10 0.90
   5610.00 2500.0 1500.0 0.0010  680.0 0.10 0.90
   4665.00 2500.0 1500.0 0.0010  680.0 0.10 0.90
   3080.00 2500.0 1500.0 0.0010  680.0 0.10 0.90
   6150.00 2500.0 1500.0 0.0010  680.0 0.10 0.90
   4665.00 2500.0 1500.0 0.0010  680.0 0.10 0.90
   9310.00 2500.0 1500.0 0.0010  680.0 0.10 0.90
   5610.00 2500.0 1500.0 0.0010  680.0 0.10 0.90
   5610.00 2500.0 1500.0 0.0010  680.0 0.10 0.90
   6440.00 2500.0 1500.0 0.0010  680.0 0.10 0.90
   5115.00 2500.0 1500.0 0.0010  680.0 0.10 0.90
   5875.00 2500.0 1500.0 0.0010  680.0 0.10 0.90
   6440.00 2500.0 1500.0 0.0010  680.0 0.10 0.90
   3880.00 2500.0 1500.0 0.0010  680.0 0.10 0.90
   4665.00 2500.0 1500.0 0.0010  680.0 0.10 0.90
   4665.00 2500.0 1500.0 0.0010  680.0 0.10 0.90
   4455.00 2500.0 1500.0 0.0010  680.0 0.10 0.90
   2945.00 2500.0 1500.0 0.0010  680.0 0.10 0.90
   4255.00 2500.0 1500.0 0.0010  680.0 0.10 0.90
   3380.00 2500.0 1500.0 0.0010  680.0 0.10 0.90
   3380.00 2500.0 1500.0 0.0010  680.0 0.10 0.90
   3230.00 2500.0 1500.0 0.0010  680.0 0.10 0.90
   3380.00 2500.0 1500.0 0.0010  680.0 0.10 0.90
   4665.00 2500.0 1500.0 0.0010  680.0 0.10 0.90
   7395.00 2500.0 1500.0 0.0010  680.0 0.10 0.90
   4455.00 2500.0 1500.0 0.0010  680.0 0.10 0.90
   7060.00 2500.0 1500.0 0.0010  680.0 0.10 0.90
   4665.00 2500.0 1500.0 0.0010  680.0 0.10 0.90
   2340.00 2500.0 1500.0 0.0010  680.0 0.10 0.90
   3230.00 2500.0 1500.0 0.0010  680.0 0.10 0.90
   7740.00 2500.0 1500.0 0.0010  680.0 0.10 0.90
   3880.00 2500.0 1500.0 0.0010  680.0 0.10 0.90
   3380.00 2500.0 1500.0 0.0010  680.0 0.10 0.90
   5355.00 2500.0 1500.0 0.0010  680.0 0.10 0.90
   6150.00 2500.0 1500.0 0.0010  680.0 0.10 0.90
   4665.00 2500.0 1500.0 0.0010  680.0 0.10 0.90
   4065.00 2500.0 1500.0 0.0010  680.0 0.10 0.90
   6150.00 2500.0 1500.0 0.0010  680.0 0.10 0.90
   4455.00 2500.0 1500.0 0.0010  680.0 0.10 0.90
   4255.00 2500.0 1500.0 0.0010  680.0 0.10 0.90
   3380.00 2500.0 1500.0 0.0010  680.0 0.10 0.90
   3880.00 2500.0 1500.0 0.0010  680.0 0.10 0.90
   3880.00 2500.0 1500.0 0.0010  680.0 0.10 0.90
   4885.00 2500.0 1500.0 0.0010  680.0 0.10 0.90
   4455.00 2500.0 1500.0 0.0010  680.0 0.10 0.90
   3540.00 2500.0 1500.0 0.0010  680.0 0.10 0.90
   5875.00 2500.0 1500.0 0.0010  680.0 0.10 0.90
   6745.00 2500.0 1500.0 0.0010  680.0 0.10 0.90
   3705.00 2500.0 1500.0 0.0010  680.0 0.10 0.90
   5875.00 2500.0 1500.0 0.0010  680.0 0.10 0.90
   4665.00 2500.0 1500.0 0.0010  680.0 0.10 0.90
   3540.00 2500.0 1500.0 0.0010  680.0 0.10 0.90
   5355.00 2500.0 1500.0 0.0010  680.0 0.10 0.90
   3880.00 2500.0 1500.0 0.0010  680.0 0.10 0.90
   5115.00 2500.0 1500.0 0.0010  680.0 0.10 0.90
   3540.00 2500.0 1500.0 0.0010  680.0 0.10 0.90
   3380.00 2500.0 1500.0 0.0010  680.0 0.10 0.90
   4255.00 2500.0 1500.0 0.0010  680.0 0.10 0.90
   4065.00 2500.0 1500.0 0.0010  680.0 0.10 0.90
   3080.00 2500.0 1500.0 0.0010  680.0 0.10 0.90
   3540.00 2500.0 1500.0 0.0010  680.0 0.10 0.90
   4665.00 2500.0 1500.0 0.0010  680.0 0.10 0.90
   3380.00 2500.0 1500.0 0.0010  680.0 0.10 0.90
   5115.00 2500.0 1500.0 0.0010  680.0 0.10 0.90
   7395.00 2500.0 1500.0 0.0010  680.0 0.10 0.90
   3380.00 2500.0 1500.0 0.0010  680.0 0.10 0.90
   3880.00 2500.0 1500.0 0.0010  680.0 0.10 0.90
   6150.00 2500.0 1500.0 0.0010  680.0 0.10 0.90
   4065.00 2500.0 1500.0 0.0010  680.0 0.10 0.90
   5115.00 2500.0 1500.0 0.0010  680.0 0.10 0.90
   3380.00 2500.0 1500.0 0.0010  680.0 0.10 0.90
   4885.00 2500.0 1500.0 0.0010  680.0 0.10 0.90
   4255.00 2500.0 1500.0 0.0010  680.0 0.10 0.90
   2450.00 2500.0 1500.0 0.0010  680.0 0.10 0.90
   5610.00 2500.0 1500.0 0.0010  680.0 0.10 0.90
   4665.00 2500.0 1500.0 0.0010  680.0 0.10 0.90
   5355.00 2500.0 1500.0 0.0010  680.0 0.10 0.90
   4665.00 2500.0 1500.0 0.0010  680.0 0.10 0.90
   5610.00 2500.0 1500.0 0.0010  680.0 0.10 0.90
   3880.00 2500.0 1500.0 0.0010  680.0 0.10 0.90
   4255.00 2500.0 1500.0 0.0010  680.0 0.10 0.90
   5610.00 2500.0 1500.0 0.0010  680.0 0.10 0.90
   3705.00 2500.0 1500.0 0.0010  680.0 0.10 0.90
   8890.00 2500.0 1500.0 0.0010  680.0 0.10 0.90
   3230.00 2500.0 1500.0 0.0010  680.0 0.10 0.90
   2945.00 2500.0 1500.0 0.0010  680.0 0.10 0.90
   3380.00 2500.0 1500.0 0.0010  680.0 0.10 0.90
   6745.00 2500.0 1500.0 0.0010  680.0 0.10 0.90
   2235.00 2500.0 1500.0 0.0010  680.0 0.10 0.90
   4065.00 2500.0 1500.0 0.0010  680.0 0.10 0.90
   4665.00 2500.0 1500.0 0.0010  680.0 0.10 0.90
   5355.00 2500.0 1500.0 0.0010  680.0 0.10 0.90
   3705.00 2500.0 1500.0 0.0010  680.0 0.10 0.90
   4255.00 2500.0 1500.0 0.0010  680.0 0.10 0.90
   4885.00 2500.0 1500.0 0.0010  680.0 0.10 0.90
   3080.00 2500.0 1500.0 0.0010  680.0 0.10 0.90
   3540.00 2500.0 1500.0 0.0010  680.0 0.10 0.90
   4255.00 2500.0 1500.0 0.0010  680.0 0.10 0.90
   4665.00 2500.0 1500.0 0.0010  680.0 0.10 0.90
   5610.00 2500.0 1500.0 0.0010  680.0 0.10 0.90
   4455.00 2500.0 1500.0 0.0010  680.0 0.10 0.90
   6745.00 2500.0 1500.0 0.0010  680.0 0.10 0.90
   3540.00 2500.0 1500.0 0.0010  680.0 0.10 0.90
   3705.00 2500.0 1500.0 0.0010  680.0 0.10 0.90
   4665.00 2500.0 1500.0 0.0010  680.0 0.10 0.90
   3705.00 2500.0 1500.0 0.0010  680.0 0.10 0.90
   3380.00 2500.0 1500.0 0.0010  680.0 0.10 0.90
   2945.00 2500.0 1500.0 0.0010  680.0 0.10 0.90
   7740.00 2500.0 1500.0 0.0010  680.0 0.10 0.90
   7060.00 2500.0 1500.0 0.0010  680.0 0.10 0.90
   5610.00 2500.0 1500.0 0.0010  680.0 0.10 0.90
   4065.00 2500.0 1500.0 0.0010  680.0 0.10 0.90
   3705.00 2500.0 1500.0 0.0010  680.0 0.10 0.90
   4665.00 2500.0 1500.0 0.0010  680.0 0.10 0.90
   2945.00 2500.0 1500.0 0.0010  680.0 0.10 0.90
   3230.00 2500.0 1500.0 0.0010  680.0 0.10 0.90
   6150.00 2500.0 1500.0 0.0010  680.0 0.10 0.90
   4455.00 2500.0 1500.0 0.0010  680.0 0.10 0.90
   2945.00 2500.0 1500.0 0.0010  680.0 0.10 0.90
   4255.00 2500.0 1500.0 0.0010  680.0 0.10 0.90
   3380.00 2500.0 1500.0 0.0010  680.0 0.10 0.90
   3080.00 2500.0 1500.0 0.0010  680.0 0.10 0.90
   3705.00 2500.0 1500.0 0.0010  680.0 0.10 0.90
   5610.00 2500.0 1500.0 0.0010  680.0 0.10 0.90
   5875.00 2500.0 1500.0 0.0010  680.0 0.10 0.90
   3230.00 2500.0 1500.0 0.0010  680.0 0.10 0.90
   3080.00 2500.0 1500.0 0.0010  680.0 0.10 0.90
   5115.00 2500.0 1500.0 0.0010  680.0 0.10 0.90
   2565.00 2500.0 1500.0 0.0010  680.0 0.10 0.90
   3705.00 2500.0 1500.0 0.0010  680.0 0.10 0.90
   4455.00 2500.0 1500.0 0.0010  680.0 0.10 0.90
   5875.00 2500.0 1500.0 0.0010  680.0 0.10 0.90
   2945.00 2500.0 1500.0 0.0010  680.0 0.10 0.90
   2235.00 2500.0 1500.0 0.0010  680.0 0.10 0.90
   4455.00 2500.0 1500.0 0.0010  680.0 0.10 0.90
   3380.00 2500.0 1500.0 0.0010  680.0 0.10 0.90
   4065.00 2500.0 1500.0 0.0010  680.0 0.10 0.90
   7395.00 2500.0 1500.0 0.0010  680.0 0.10 0.90
   4665.00 2500.0 1500.0 0.0010  680.0 0.10 0.90
   6440.00 2500.0 1500.0 0.0010  680.0 0.10 0.90
   7060.00 2500.0 1500.0 0.0010  680.0 0.10 0.90
   6150.00 2500.0 1500.0 0.0010  680.0 0.10 0.90
   3880.00 2500.0 1500.0 0.0010  680.0 0.10 0.90
   3705.00 2500.0 1500.0 0.0010  680.0 0.10 0.90
   3705.00 2500.0 1500.0 0.0010  680.0 0.10 0.90
   4065.00 2500.0 1500.0 0.0010  680.0 0.10 0.90
   3705.00 2500.0 1500.0 0.0010  680.0 0.10 0.90
   2340.00 2500.0 1500.0 0.0010  680.0 0.10 0.90
   2685.00 2500.0 1500.0 0.0010  680.0 0.10 0.90
   6150.00 2500.0 1500.0 0.0010  680.0 0.10 0.90
   4255.00 2500.0 1500.0 0.0010  680.0 0.10 0.90
   2810.00 2500.0 1500.0 0.0010  680.0 0.10 0.90
   5610.00 2500.0 1500.0 0.0010  680.0 0.10 0.90
   2685.00 2500.0 1500.0 0.0010  680.0 0.10 0.90
   5610.00 2500.0 1500.0 0.0010  680.0 0.10 0.90
   2685.00 2500.0 1500.0 0.0010  680.0 0.10 0.90
   3380.00 2500.0 1500.0 0.0010  680.0 0.10 0.90
   3380.00 2500.0 1500.0 0.0010  680.0 0.10 0.90
   3080.00 2500.0 1500.0 0.0010  680.0 0.10 0.90
   6150.00 2500.0 1500.0 0.0010  680.0 0.10 0.90
   5610.00 2500.0 1500.0 0.0010  680.0 0.10 0.90
   4885.00 2500.0 1500.0 0.0010  680.0 0.10 0.90
   5115.00 2500.0 1500.0 0.0010  680.0 0.10 0.90
   5875.00 2500.0 1500.0 0.0010  680.0 0.10 0.90
   4665.00 2500.0 1500.0 0.0010  680.0 0.10 0.90
   3880.00 2500.0 1500.0 0.0010  680.0 0.10 0.90
   7740.00 2500.0 1500.0 0.0010  680.0 0.10 0.90
   4455.00 2500.0 1500.0 0.0010  680.0 0.10 0.90
   3230.00 2500.0 1500.0 0.0010  680.0 0.10 0.90
   3880.00 2500.0 1500.0 0.0010  680.0 0.10 0.90
   3380.00 2500.0 1500.0 0.0010  680.0 0.10 0.90
   3705.00 2500.0 1500.0 0.0010  680.0 0.10 0.90
   4665.00 2500.0 1500.0 0.0010  680.0 0.10 0.90
   2685.00 2500.0 1500.0 0.0010  680.0 0.10 0.90
   2945.00 2500.0 1500.0 0.0010  680.0 0.10 0.90
   3880.00 2500.0 1500.0 0.0010  680.0 0.10 0.90
   3380.00 2500.0 1500.0 0.0010  680.0 0.10 0.90
   3705.00 2500.0 1500.0 0.0010  680.0 0.10 0.90
   5115.00 2500.0 1500.0 0.0010  680.0 0.10 0.90
   2685.00 2500.0 1500.0 0.0010  680.0 0.10 0.90
   2945.00 2500.0 1500.0 0.0010  680.0 0.10 0.90
   3540.00 2500.0 1500.0 0.0010  680.0 0.10 0.90
   3540.00 2500.0 1500.0 0.0010  680.0 0.10 0.90
   4065.00 2500.0 1500.0 0.0010  680.0 0.10 0.90
   5115.00 2500.0 1500.0 0.0010  680.0 0.10 0.90
   4665.00 2500.0 1500.0 0.0010  680.0 0.10 0.90
   4455.00 2500.0 1500.0 0.0010  680.0 0.10 0.90
   5115.00 2500.0 1500.0 0.0010  680.0 0.10 0.90
   5875.00 2500.0 1500.0 0.0010  680.0 0.10 0.90
   3880.00 2500.0 1500.0 0.0010  680.0 0.10 0.90
   4255.00 2500.0 1500.0 0.0010  680.0 0.10 0.90
   2945.00 2500.0 1500.0 0.0010  680.0 0.10 0.90
   4065.00 2500.0 1500.0 0.0010  680.0 0.10 0.90
   3230.00 2500.0 1500.0 0.0010  680.0 0.10 0.90
   7395.00 2500.0 1500.0 0.0010  680.0 0.10 0.90
   7060.00 2500.0 1500.0 0.0010  680.0 0.10 0.90
   5355.00 2500.0 1500.0 0.0010  680.0 0.10 0.90
   5355.00 2500.0 1500.0 0.0010  680.0 0.10 0.90
   4665.00 2500.0 1500.0 0.0010  680.0 0.10 0.90
   4255.00 2500.0 1500.0 0.0010  680.0 0.10 0.90
   2235.00 2500.0 1500.0 0.0010  680.0 0.10 0.90
   2685.00 2500.0 1500.0 0.0010  680.0 0.10 0.90
   2810.00 2500.0 1500.0 0.0010  680.0 0.10 0.90
   2565.00 2500.0 1500.0 0.0010  680.0 0.10 0.90
   3705.00 2500.0 1500.0 0.0010  680.0 0.10 0.90
   2685.00 2500.0 1500.0 0.0010  680.0 0.10 0.90
   3880.00 2500.0 1500.0 0.0010  680.0 0.10 0.90
   3380.00 2500.0 1500.0 0.0010  680.0 0.10 0.90
   3380.00 2500.0 1500.0 0.0010  680.0 0.10 0.90
   5115.00 2500.0 1500.0 0.0010  680.0 0.10 0.90
   2035.00 2500.0 1500.0 0.0010  680.0 0.10 0.90
   3880.00 2500.0 1500.0 0.0010  680.0 0.10 0.90
   4455.00 2500.0 1500.0 0.0010  680.0 0.10 0.90
   4885.00 2500.0 1500.0 0.0010  680.0 0.10 0.90
   3080.00 2500.0 1500.0 0.0010  680.0 0.10 0.90
   3880.00 2500.0 1500.0 0.0010  680.0 0.10 0.90
   2945.00 2500.0 1500.0 0.0010  680.0 0.10 0.90
   4455.00 2500.0 1500.0 0.0010  680.0 0.10 0.90
   2685.00 2500.0 1500.0 0.0010  680.0 0.10 0.90
   3540.00 2500.0 1500.0 0.0010  680.0 0.10 0.90
   3705.00 2500.0 1500.0 0.0010  680.0 0.10 0.90
   3705.00 2500.0 1500.0 0.0010  680.0 0.10 0.90
   3540.00 2500.0 1500.0 0.0010  680.0 0.10 0.90
   3380.00 2500.0 1500.0 0.0010  680.0 0.10 0.90
   4455.00 2500.0 1500.0 0.0010  680.0 0.10 0.90
   4455.00 2500.0 1500.0 0.0010  680.0 0.10 0.90
   5610.00 2500.0 1500.0 0.0010  680.0 0.10 0.90
   6150.00 2500.0 1500.0 0.0010  680.0 0.10 0.90
   4885.00 2500.0 1500.0 0.0010  680.0 0.10 0.90
   3705.00 2500.0 1500.0 0.0010  680.0 0.10 0.90
   5355.00 2500.0 1500.0 0.0010  680.0 0.10 0.90
   8105.00 2500.0 1500.0 0.0010  680.0 0.10 0.90
   5355.00 2500.0 1500.0 0.0010  680.0 0.10 0.90
   2945.00 2500.0 1500.0 0.0010  680.0 0.10 0.90
   5115.00 2500.0 1500.0 0.0010  680.0 0.10 0.90
   3380.00 2500.0 1500.0 0.0010  680.0 0.10 0.90
   3080.00 2500.0 1500.0 0.0010  680.0 0.10 0.90
   3705.00 2500.0 1500.0 0.0010  680.0 0.10 0.90
   3080.00 2500.0 1500.0 0.0010  680.0 0.10 0.90
   5875.00 2500.0 1500.0 0.0010  680.0 0.10 0.90
   3705.00 2500.0 1500.0 0.0010  680.0 0.10 0.90
   4455.00 2500.0 1500.0 0.0010  680.0 0.10 0.90
   4255.00 2500.0 1500.0 0.0010  680.0 0.10 0.90
   3880.00 2500.0 1500.0 0.0010  680.0 0.10 0.90
   4455.00 2500.0 1500.0 0.0010  680.0 0.10 0.90
   4255.00 2500.0 1500.0 0.0010  680.0 0.10 0.90
   4885.00 2500.0 1500.0 0.0010  680.0 0.10 0.90
   3230.00 2500.0 1500.0 0.0010  680.0 0.10 0.90
   3230.00 2500.0 1500.0 0.0010  680.0 0.10 0.90
   5355.00 2500.0 1500.0 0.0010  680.0 0.10 0.90
   3705.00 2500.0 1500.0 0.0010  680.0 0.10 0.90
   4065.00 2500.0 1500.0 0.0010  680.0 0.10 0.90
   5115.00 2500.0 1500.0 0.0010  680.0 0.10 0.90
   3230.00 2500.0 1500.0 0.0010  680.0 0.10 0.90
   3540.00 2500.0 1500.0 0.0010  680.0 0.10 0.90
   3080.00 2500.0 1500.0 0.0010  680.0 0.10 0.90
   2945.00 2500.0 1500.0 0.0010  680.0 0.10 0.90
   3080.00 2500.0 1500.0 0.0010  680.0 0.10 0.90
   4665.00 2500.0 1500.0 0.0010  680.0 0.10 0.90
   5875.00 2500.0 1500.0 0.0010  680.0 0.10 0.90
   6440.00 2500.0 1500.0 0.0010  680.0 0.10 0.90
   2565.00 2500.0 1500.0 0.0010  680.0 0.10 0.90
   4065.00 2500.0 1500.0 0.0010  680.0 0.10 0.90
   3540.00 2500.0 1500.0 0.0010  680.0 0.10 0.90
   3080.00 2500.0 1500.0 0.0010  680.0 0.10 0.90
   3080.00 2500.0 1500.0 0.0010  680.0 0.10 0.90
   3705.00 2500.0 1500.0 0.0010  680.0 0.10 0.90
   4255.00 2500.0 1500.0 0.0010  680.0 0.10 0.90
   2945.00 2500.0 1500.0 0.0010  680.0 0.10 0.90
   3080.00 2500.0 1500.0 0.0010  680.0 0.10 0.90
   4065.00 2500.0 1500.0 0.0010  680.0 0.10 0.90
   2945.00 2500.0 1500.0 0.0010  680.0 0.10 0.90
   3880.00 2500.0 1500.0 0.0010  680.0 0.10 0.90
   7740.00 2500.0 1500.0 0.0010  680.0 0.10 0.90
   4255.00 2500.0 1500.0 0.0010  680.0 0.10 0.90
   5875.00 2500.0 1500.0 0.0010  680.0 0.10 0.90
   3880.00 2500.0 1500.0 0.0010  680.0 0.10 0.90
   2685.00 2500.0 1500.0 0.0010  680.0 0.10 0.90
   3230.00 2500.0 1500.0 0.0010  680.0 0.10 0.90
   7060.00 2500.0 1500.0 0.0010  680.0 0.10 0.90
   3230.00 2500.0 1500.0 0.0010  680.0 0.10 0.90
   4255.00 2500.0 1500.0 0.0010  680.0 0.10 0.90
   4665.00 2500.0 1500.0 0.0010  680.0 0.10 0.90
   4455.00 2500.0 1500.0 0.0010  680.0 0.10 0.90
   3230.00 2500.0 1500.0 0.0010  680.0 0.10 0.90
   3380.00 2500.0 1500.0 0.0010  680.0 0.10 0.90
   2810.00 2500.0 1500.0 0.0010  680.0 0.10 0.90
   3380.00 2500.0 1500.0 0.0010  680.0 0.10 0.90
   4065.00 2500.0 1500.0 0.0010  680.0 0.10 0.90
   4065.00 2500.0 1500.0 0.0010  680.0 0.10 0.90
   6440.00 2500.0 1500.0 0.0010  680.0 0.10 0.90
   4455.00 2500.0 1500.0 0.0010  680.0 0.10 0.90
   4665.00 2500.0 1500.0 0.0010  680.0 0.10 0.90
   3705.00 2500.0 1500.0 0.0010  680.0 0.10 0.90
   3880.00 2500.0 1500.0 0.0010  680.0 0.10 0.90
   4455.00 2500.0 1500.0 0.0010  680.0 0.10 0.90
   3880.00 2500.0 1500.0 0.0010  680.0 0.10 0.90
   4455.00 2500.0 1500.0 0.0010  680.0 0.10 0.90
   4065.00 2500.0 1500.0 0.0010  680.0 0.10 0.90
   4885.00 2500.0 1500.0 0.0010  680.0 0.10 0.90
   2945.00 2500.0 1500.0 0.0010  680.0 0.10 0.90
   2945.00 2500.0 1500.0 0.0010  680.0 0.10 0.90
   2685.00 2500.0 1500.0 0.0010  680.0 0.10 0.90
   3880.00 2500.0 1500.0 0.0010  680.0 0.10 0.90
   2945.00 2500.0 1500.0 0.0010  680.0 0.10 0.90
   3540.00 2500.0 1500.0 0.0010  680.0 0.10 0.90
   4455.00 2500.0 1500.0 0.0010  680.0 0.10 0.90
   2945.00 2500.0 1500.0 0.0010  680.0 0.10 0.90
   2340.00 2500.0 1500.0 0.0010  680.0 0.10 0.90
   2945.00 2500.0 1500.0 0.0010  680.0 0.10 0.90
   3540.00 2500.0 1500.0 0.0010  680.0 0.10 0.90
   4255.00 2500.0 1500.0 0.0010  680.0 0.10 0.90
   4665.00 2500.0 1500.0 0.0010  680.0 0.10 0.90
   6440.00 2500.0 1500.0 0.0010  680.0 0.10 0.90
   3880.00 2500.0 1500.0 0.0010  680.0 0.10 0.90
   6150.00 2500.0 1500.0 0.0010  680.0 0.10 0.90
   4885.00 2500.0 1500.0 0.0010  680.0 0.10 0.90
   3540.00 2500.0 1500.0 0.0010  680.0 0.10 0.90
   3380.00 2500.0 1500.0 0.0010  680.0 0.10 0.90
   3705.00 2500.0 1500.0 0.0010  680.0 0.10 0.90
   3540.00 2500.0 1500.0 0.0010  680.0 0.10 0.90
   6150.00 2500.0 1500.0 0.0010  680.0 0.10 0.90
   3540.00 2500.0 1500.0 0.0010  680.0 0.10 0.90
   4065.00 2500.0 1500.0 0.0010  680.0 0.10 0.90
   5875.00 2500.0 1500.0 0.0010  680.0 0.10 0.90
   4255.00 2500.0 1500.0 0.0010  680.0 0.10 0.90
   7060.00 2500.0 1500.0 0.0010  680.0 0.10 0.90
   3080.00 2500.0 1500.0 0.0010  680.0 0.10 0.90
   2565.00 2500.0 1500.0 0.0010  680.0 0.10 0.90
   4255.00 2500.0 1500.0 0.0010  680.0 0.10 0.90
   3540.00 2500.0 1500.0 0.0010  680.0 0.10 0.90
   2945.00 2500.0 1500.0 0.0010  680.0 0.10 0.90
   3880.00 2500.0 1500.0 0.0010  680.0 0.10 0.90
   3230.00 2500.0 1500.0 0.0010  680.0 0.10 0.90
   4065.00 2500.0 1500.0 0.0010  680.0 0.10 0.90
   3705.00 2500.0 1500.0 0.0010  680.0 0.10 0.90
   5355.00 2500.0 1500.0 0.0010  680.0 0.10 0.90
   4455.00 2500.0 1500.0 0.0010  680.0 0.10 0.90
   3380.00 2500.0 1500.0 0.0010  680.0 0.10 0.90
   3080.00 2500.0 1500.0 0.0010  680.0 0.10 0.90
   4455.00 2500.0 1500.0 0.0010  680.0 0.10 0.90
   4885.00 2500.0 1500.0 0.0010  680.0 0.10 0.90
   5875.00 2500.0 1500.0 0.0010  680.0 0.10 0.90
   3380.00 2500.0 1500.0 0.0010  680.0 0.10 0.90
   5610.00 2500.0 1500.0 0.0010  680.0 0.10 0.90
   5610.00 2500.0 1500.0 0.0010  680.0 0.10 0.90
   4065.00 2500.0 1500.0 0.0010  680.0 0.10 0.90
   3230.00 2500.0 1500.0 0.0010  680.0 0.10 0.90
   4065.00 2500.0 1500.0 0.0010  680.0 0.10 0.90
   7060.00 2500.0 1500.0 0.0010  680.0 0.10 0.90
   5115.00 2500.0 1500.0 0.0010  680.0 0.10 0.90
   2810.00 2500.0 1500.0 0.0010  680.0 0.10 0.90
   3705.00 2500.0 1500.0 0.0010  680.0 0.10 0.90
   3880.00 2500.0 1500.0 0.0010  680.0 0.10 0.90
   3705.00 2500.0 1500.0 0.0010  680.0 0.10 0.90
   3540.00 2500.0 1500.0 0.0010  680.0 0.10 0.90
   3880.00 2500.0 1500.0 0.0010  680.0 0.10 0.90
   5875.00 2500.0 1500.0 0.0010  680.0 0.10 0.90
   3380.00 2500.0 1500.0 0.0010  680.0 0.10 0.90
   4255.00 2500.0 1500.0 0.0010  680.0 0.10 0.90
   5610.00 2500.0 1500.0 0.0010  680.0 0.10 0.90
   5355.00 2500.0 1500.0 0.0010  680.0 0.10 0.90
   6745.00 2500.0 1500.0 0.0010  680.0 0.10 0.90
   4665.00 2500.0 1500.0 0.0010  680.0 0.10 0.90
   5875.00 2500.0 1500.0 0.0010  680.0 0.10 0.90
   4065.00 2500.0 1500.0 0.0010  680.0 0.10 0.90
   3230.00 2500.0 1500.0 0.0010  680.0 0.10 0.90
   4455.00 2500.0 1500.0 0.0010  680.0 0.10 0.90
   3380.00 2500.0 1500.0 0.0010  680.0 0.10 0.90
   5875.00 2500.0 1500.0 0.0010  680.0 0.10 0.90
   5875.00 2500.0 1500.0 0.0010  680.0 0.10 0.90
   5115.00 2500.0 1500.0 0.0010  680.0 0.10 0.90
   5355.00 2500.0 1500.0 0.0010  680.0 0.10 0.90
   5115.00 2500.0 1500.0 0.0010  680.0 0.10 0.90
   7060.00 2500.0 1500.0 0.0010  680.0 0.10 0.90
   5610.00 2500.0 1500.0 0.0010  680.0 0.10 0.90
   4665.00 2500.0 1500.0 0.0010  680.0 0.10 0.90
   2685.00 2500.0 1500.0 0.0010  680.0 0.10 0.90
   7060.00 2500.0 1500.0 0.0010  680.0 0.10 0.90
   4255.00 2500.0 1500.0 0.0010  680.0 0.10 0.90
   3880.00 2500.0 1500.0 0.0010  680.0 0.10 0.90
   5355.00 2500.0 1500.0 0.0010  680.0 0.10 0.90
   5875.00 2500.0 1500.0 0.0010  680.0 0.10 0.90
   5355.00 2500.0 1500.0 0.0010  680.0 0.10 0.90
   4065.00 2500.0 1500.0 0.0010  680.0 0.10 0.90
   3880.00 2500.0 1500.0 0.0010  680.0 0.10 0.90
   6745.00 2500.0 1500.0 0.0010  680.0 0.10 0.90
   5115.00 2500.0 1500.0 0.0010  680.0 0.10 0.90
   5355.00 2500.0 1500.0 0.0010  680.0 0.10 0.90
   5115.00 2500.0 1500.0 0.0010  680.0 0.10 0.90
   3540.00 2500.0 1500.0 0.0010  680.0 0.10 0.90
   3080.00 2500.0 1500.0 0.0010  680.0 0.10 0.90
   6150.00 2500.0 1500.0 0.0010  680.0 0.10 0.90
   5355.00 2500.0 1500.0 0.0010  680.0 0.10 0.90
   3705.00 2500.0 1500.0 0.0010  680.0 0.10 0.90
   5875.00 2500.0 1500.0 0.0010  680.0 0.10 0.90
   2130.00 2500.0 1500.0 0.0010  680.0 0.10 0.90
   3880.00 2500.0 1500.0 0.0010  680.0 0.10 0.90
   4255.00 2500.0 1500.0 0.0010  680.0 0.10 0.90
   5610.00 2500.0 1500.0 0.0010  680.0 0.10 0.90
   5355.00 2500.0 1500.0 0.0010  680.0 0.10 0.90
   6440.00 2500.0 1500.0 0.0010  680.0 0.10 0.90
   5355.00 2500.0 1500.0 0.0010  680.0 0.10 0.90
   5875.00 2500.0 1500.0 0.0010  680.0 0.10 0.90
   4885.00 2500.0 1500.0 0.0010  680.0 0.10 0.90
   5355.00 2500.0 1500.0 0.0010  680.0 0.10 0.90
   4455.00 2500.0 1500.0 0.0010  680.0 0.10 0.90
   3705.00 2500.0 1500.0 0.0010  680.0 0.10 0.90
   3705.00 2500.0 1500.0 0.0010  680.0 0.10 0.90
   2945.00 2500.0 1500.0 0.0010  680.0 0.10 0.90
   4255.00 2500.0 1500.0 0.0010  680.0 0.10 0.90
   4065.00 2500.0 1500.0 0.0010  680.0 0.10 0.90
   4455.00 2500.0 1500.0 0.0010  680.0 0.10 0.90
   5875.00 2500.0 1500.0 0.0010  680.0 0.10 0.90
   3380.00 2500.0 1500.0 0.0010  680.0 0.10 0.90
   4665.00 2500.0 1500.0 0.0010  680.0 0.10 0.90
   4665.00 2500.0 1500.0 0.0010  680.0 0.10 0.90
   4255.00 2500.0 1500.0 0.0010  680.0 0.10 0.90
   4255.00 2500.0 1500.0 0.0010  680.0 0.10 0.90
   5115.00 2500.0 1500.0 0.0010  680.0 0.10 0.90
   3080.00 2500.0 1500.0 0.0010  680.0 0.10 0.90
   2945.00 2500.0 1500.0 0.0010  680.0 0.10 0.90
   3880.00 2500.0 1500.0 0.0010  680.0 0.10 0.90
   3705.00 2500.0 1500.0 0.0010  680.0 0.10 0.90
   5610.00 2500.0 1500.0 0.0010  680.0 0.10 0.90
   3540.00 2500.0 1500.0 0.0010  680.0 0.10 0.90
   2235.00 2500.0 1500.0 0.0010  680.0 0.10 0.90
   2810.00 2500.0 1500.0 0.0010  680.0 0.10 0.90
   4255.00 2500.0 1500.0 0.0010  680.0 0.10 0.90
   5610.00 2500.0 1500.0 0.0010  680.0 0.10 0.90
   5355.00 2500.0 1500.0 0.0010  680.0 0.10 0.90
   5875.00 2500.0 1500.0 0.0010  680.0 0.10 0.90
   3080.00 2500.0 1500.0 0.0010  680.0 0.10 0.90
   2685.00 2500.0 1500.0 0.0010  680.0 0.10 0.90
   4065.00 2500.0 1500.0 0.0010  680.0 0.10 0.90
   3380.00 2500.0 1500.0 0.0010  680.0 0.10 0.90
   3705.00 2500.0 1500.0 0.0010  680.0 0.10 0.90
   5355.00 2500.0 1500.0 0.0010  680.0 0.10 0.90
   4065.00 2500.0 1500.0 0.0010  680.0 0.10 0.90
   3380.00 2500.0 1500.0 0.0010  680.0 0.10 0.90
   3230.00 2500.0 1500.0 0.0010  680.0 0.10 0.90
   3080.00 2500.0 1500.0 0.0010  680.0 0.10 0.90
   4665.00 2500.0 1500.0 0.0010  680.0 0.10 0.90
   4065.00 2500.0 1500.0 0.0010  680.0 0.10 0.90
   5355.00 2500.0 1500.0 0.0010  680.0 0.10 0.90
   4885.00 2500.0 1500.0 0.0010  680.0 0.10 0.90
   3880.00 2500.0 1500.0 0.0010  680.0 0.10 0.90
   6150.00 2500.0 1500.0 0.0010  680.0 0.10 0.90
   3705.00 2500.0 1500.0 0.0010  680.0 0.10 0.90
   3880.00 2500.0 1500.0 0.0010  680.0 0.10 0.90
   3080.00 2500.0 1500.0 0.0010  680.0 0.10 0.90
   3080.00 2500.0 1500.0 0.0010  680.0 0.10 0.90
   3540.00 2500.0 1500.0 0.0010  680.0 0.10 0.90
   6150.00 2500.0 1500.0 0.0010  680.0 0.10 0.90
   4065.00 2500.0 1500.0 0.0010  680.0 0.10 0.90
   4455.00 2500.0 1500.0 0.0010  680.0 0.10 0.90
   5355.00 2500.0 1500.0 0.0010  680.0 0.10 0.90
   5115.00 2500.0 1500.0 0.0010  680.0 0.10 0.90
   4455.00 2500.0 1500.0 0.0010  680.0 0.10 0.90
   4455.00 2500.0 1500.0 0.0010  680.0 0.10 0.90
   3540.00 2500.0 1500.0 0.0010  680.0 0.10 0.90
   4885.00 2500.0 1500.0 0.0010  680.0 0.10 0.90
   3705.00 2500.0 1500.0 0.0010  680.0 0.10 0.90
   5610.00 2500.0 1500.0 0.0010  680.0 0.10 0.90
   3230.00 2500.0 1500.0 0.0010  680.0 0.10 0.90
   3540.00 2500.0 1500.0 0.0010  680.0 0.10 0.90
   3540.00 2500.0 1500.0 0.0010  680.0 0.10 0.90
   3380.00 2500.0 1500.0 0.0010  680.0 0.10 0.90
   3380.00 2500.0 1500.0 0.0010  680.0 0.10 0.90
   2235.00 2500.0 1500.0 0.0010  680.0 0.10 0.90
   3230.00 2500.0 1500.0 0.0010  680.0 0.10 0.90
   2685.00 2500.0 1500.0 0.0010  680.0 0.10 0.90
   4255.00 2500.0 1500.0 0.0010  680.0 0.10 0.90
   4455.00 2500.0 1500.0 0.0010  680.0 0.10 0.90
   3380.00 2500.0 1500.0 0.0010  680.0 0.10 0.90
   3705.00 2500.0 1500.0 0.0010  680.0 0.10 0.90
   7395.00 2500.0 1500.0 0.0010  680.0 0.10 0.90
   5610.00 2500.0 1500.0 0.0010  680.0 0.10 0.90
   3380.00 2500.0 1500.0 0.0010  680.0 0.10 0.90
   2340.00 2500.0 1500.0 0.0010  680.0 0.10 0.90
   4455.00 2500.0 1500.0 0.0010  680.0 0.10 0.90
   3705.00 2500.0 1500.0 0.0010  680.0 0.10 0.90
   3080.00 2500.0 1500.0 0.0010  680.0 0.10 0.90
   3380.00 2500.0 1500.0 0.0010  680.0 0.10 0.90
   2810.00 2500.0 1500.0 0.0010  680.0 0.10 0.90
   3705.00 2500.0 1500.0 0.0010  680.0 0.10 0.90
   5875.00 2500.0 1500.0 0.0010  680.0 0.10 0.90
   4885.00 2500.0 1500.0 0.0010  680.0 0.10 0.90
   4455.00 2500.0 1500.0 0.0010  680.0 0.10 0.90
   8890.00 2500.0 1500.0 0.0010  680.0 0.10 0.90
   3540.00 2500.0 1500.0 0.0010  680.0 0.10 0.90
   3540.00 2500.0 1500.0 0.0010  680.0 0.10 0.90
   3380.00 2500.0 1500.0 0.0010  680.0 0.10 0.90
   3880.00 2500.0 1500.0 0.0010  680.0 0.10 0.90
   3080.00 2500.0 1500.0 0.0010  680.0 0.10 0.90
   3080.00 2500.0 1500.0 0.0010  680.0 0.10 0.90
   4065.00 2500.0 1500.0 0.0010  680.0 0.10 0.90
   4255.00 2500.0 1500.0 0.0010  680.0 0.10 0.90
   3880.00 2500.0 1500.0 0.0010  680.0 0.10 0.90
   4455.00 2500.0 1500.0 0.0010  680.0 0.10 0.90
   4885.00 2500.0 1500.0 0.0010  680.0 0.10 0.90
   5610.00 2500.0 1500.0 0.0010  680.0 0.10 0.90
   4455.00 2500.0 1500.0 0.0010  680.0 0.10 0.90
   2235.00 2500.0 1500.0 0.0010  680.0 0.10 0.90
   3880.00 2500.0 1500.0 0.0010  680.0 0.10 0.90
   3880.00 2500.0 1500.0 0.0010  680.0 0.10 0.90
   4255.00 2500.0 1500.0 0.0010  680.0 0.10 0.90
   5610.00 2500.0 1500.0 0.0010  680.0 0.10 0.90
   4665.00 2500.0 1500.0 0.0010  680.0 0.10 0.90
   4665.00 2500.0 1500.0 0.0010  680.0 0.10 0.90
   3540.00 2500.0 1500.0 0.0010  680.0 0.10 0.90
   3540.00 2500.0 1500.0 0.0010  680.0 0.10 0.90
   4065.00 2500.0 1500.0 0.0010  680.0 0.10 0.90
   3880.00 2500.0 1500.0 0.0010  680.0 0.10 0.90
   2945.00 2500.0 1500.0 0.0010  680.0 0.10 0.90
   4065.00 2500.0 1500.0 0.0010  680.0 0.10 0.90
   3080.00 2500.0 1500.0 0.0010  680.0 0.10 0.90
   5610.00 2500.0 1500.0 0.0010  680.0 0.10 0.90
   5355.00 2500.0 1500.0 0.0010  680.0 0.10 0.90
   6150.00 2500.0 1500.0 0.0010  680.0 0.10 0.90
   3540.00 2500.0 1500.0 0.0010  680.0 0.10 0.90
   5115.00 2500.0 1500.0 0.0010  680.0 0.10 0.90
   3880.00 2500.0 1500.0 0.0010  680.0 0.10 0.90
   5610.00 2500.0 1500.0 0.0010  680.0 0.10 0.90
   4065.00 2500.0 1500.0 0.0010  680.0 0.10 0.90
   3230.00 2500.0 1500.0 0.0010  680.0 0.10 0.90
   3080.00 2500.0 1500.0 0.0010  680.0 0.10 0.90
   3705.00 2500.0 1500.0 0.0010  680.0 0.10 0.90
   3380.00 2500.0 1500.0 0.0010  680.0 0.10 0.90
   3880.00 2500.0 1500.0 0.0010  680.0 0.10 0.90
   4065.00 2500.0 1500.0 0.0010  680.0 0.10 0.90
   3880.00 2500.0 1500.0 0.0010  680.0 0.10 0.90
   5115.00 2500.0 1500.0 0.0010  680.0 0.10 0.90
   4665.00 2500.0 1500.0 0.0010  680.0 0.10 0.90
   4665.00 2500.0 1500.0 0.0010  680.0 0.10 0.90
   3705.00 2500.0 1500.0 0.0010  680.0 0.10 0.90
   3880.00 2500.0 1500.0 0.0010  680.0 0.10 0.90
   3080.00 2500.0 1500.0 0.0010  680.0 0.10 0.90
   2340.00 2500.0 1500.0 0.0010  680.0 0.10 0.90
   4885.00 2500.0 1500.0 0.0010  680.0 0.10 0.90
   2810.00 2500.0 1500.0 0.0010  680.0 0.10 0.90
   2945.00 2500.0 1500.0 0.0010  680.0 0.10 0.90
   3705.00 2500.0 1500.0 0.0010  680.0 0.10 0.90
   4885.00 2500.0 1500.0 0.0010  680.0 0.10 0.90
   2945.00 2500.0 1500.0 0.0010  680.0 0.10 0.90
   4455.00 2500.0 1500.0 0.0010  680.0 0.10 0.90
   3080.00 2500.0 1500.0 0.0010  680.0 0.10 0.90
   3080.00 2500.0 1500.0 0.0010  680.0 0.10 0.90
   2810.00 2500.0 1500.0 0.0010  680.0 0.10 0.90
   3540.00 2500.0 1500.0 0.0010  680.0 0.10 0.90
   3380.00 2500.0 1500.0 0.0010  680.0 0.10 0.90
   2685.00 2500.0 1500.0 0.0010  680.0 0.10 0.90
   3540.00 2500.0 1500.0 0.0010  680.0 0.10 0.90
   2685.00 2500.0 1500.0 0.0010  680.0 0.10 0.90
   3380.00 2500.0 1500.0 0.0010  680.0 0.10 0.90
   2685.00 2500.0 1500.0 0.0010  680.0 0.10 0.90
   3230.00 2500.0 1500.0 0.0010  680.0 0.10 0.90
   2810.00 2500.0 1500.0 0.0010  680.0 0.10 0.90
   2130.00 2500.0 1500.0 0.0010  680.0 0.10 0.90
   3380.00 2500.0 1500.0 0.0010  680.0 0.10 0.90
   3230.00 2500.0 1500.0 0.0010  680.0 0.10 0.90
   6150.00 2500.0 1500.0 0.0010  680.0 0.10 0.90
   4065.00 2500.0 1500.0 0.0010  680.0 0.10 0.90
   5115.00 2500.0 1500.0 0.0010  680.0 0.10 0.90
   3380.00 2500.0 1500.0 0.0010  680.0 0.10 0.90
   3380.00 2500.0 1500.0 0.0010  680.0 0.10 0.90
   4255.00 2500.0 1500.0 0.0010  680.0 0.10 0.90
   4255.00 2500.0 1500.0 0.0010  680.0 0.10 0.90
   3230.00 2500.0 1500.0 0.0010  680.0 0.10 0.90
   3880.00 2500.0 1500.0 0.0010  680.0 0.10 0.90
   4665.00 2500.0 1500.0 0.0010  680.0 0.10 0.90
   5115.00 2500.0 1500.0 0.0010  680.0 0.10 0.90
   3080.00 2500.0 1500.0 0.0010  680.0 0.10 0.90
   4065.00 2500.0 1500.0 0.0010  680.0 0.10 0.90
   5355.00 2500.0 1500.0 0.0010  680.0 0.10 0.90
   7395.00 2500.0 1500.0 0.0010  680.0 0.10 0.90
   3080.00 2500.0 1500.0 0.0010  680.0 0.10 0.90
   3230.00 2500.0 1500.0 0.0010  680.0 0.10 0.90
   5115.00 2500.0 1500.0 0.0010  680.0 0.10 0.90
   4255.00 2500.0 1500.0 0.0010  680.0 0.10 0.90
   3080.00 2500.0 1500.0 0.0010  680.0 0.10 0.90
   5875.00 2500.0 1500.0 0.0010  680.0 0.10 0.90
   3540.00 2500.0 1500.0 0.0010  680.0 0.10 0.90
   4255.00 2500.0 1500.0 0.0010  680.0 0.10 0.90
   3080.00 2500.0 1500.0 0.0010  680.0 0.10 0.90
   3230.00 2500.0 1500.0 0.0010  680.0 0.10 0.90
   5875.00 2500.0 1500.0 0.0010  680.0 0.10 0.90
   2945.00 2500.0 1500.0 0.0010  680.0 0.10 0.90
   2450.00 2500.0 1500.0 0.0010  680.0 0.10 0.90
   3540.00 2500.0 1500.0 0.0010  680.0 0.10 0.90
   5115.00 2500.0 1500.0 0.0010  680.0 0.10 0.90
   5355.00 2500.0 1500.0 0.0010  680.0 0.10 0.90
   3705.00 2500.0 1500.0 0.0010  680.0 0.10 0.90
   4885.00 2500.0 1500.0 0.0010  680.0 0.10 0.90
   4065.00 2500.0 1500.0 0.0010  680.0 0.10 0.90
   4065.00 2500.0 1500.0 0.0010  680.0 0.10 0.90
   3880.00 2500.0 1500.0 0.0010  680.0 0.10 0.90
   3705.00 2500.0 1500.0 0.0010  680.0 0.10 0.90
   2945.00 2500.0 1500.0 0.0010  680.0 0.10 0.90
   3230.00 2500.0 1500.0 0.0010  680.0 0.10 0.90
   4065.00 2500.0 1500.0 0.0010  680.0 0.10 0.90
   4665.00 2500.0 1500.0 0.0010  680.0 0.10 0.90
   2450.00 2500.0 1500.0 0.0010  680.0 0.10 0.90
   3380.00 2500.0 1500.0 0.0010  680.0 0.10 0.90
   3705.00 2500.0 1500.0 0.0010  680.0 0.10 0.90
   3380.00 2500.0 1500.0 0.0010  680.0 0.10 0.90
   2565.00 2500.0 1500.0 0.0010  680.0 0.10 0.90
   3540.00 2500.0 1500.0 0.0010  680.0 0.10 0.90
   3080.00 2500.0 1500.0 0.0010  680.0 0.10 0.90
   3380.00 2500.0 1500.0 0.0010  680.0 0.10 0.90
   5115.00 2500.0 1500.0 0.0010  680.0 0.10 0.90
   4455.00 2500.0 1500.0 0.0010  680.0 0.10 0.90
   3080.00 2500.0 1500.0 0.0010  680.0 0.10 0.90
   4885.00 2500.0 1500.0 0.0010  680.0 0.10 0.90
   4065.00 2500.0 1500.0 0.0010  680.0 0.10 0.90
   4665.00 2500.0 1500.0 0.0010  680.0 0.10 0.90
   3230.00 2500.0 1500.0 0.0010  680.0 0.10 0.90
   3880.00 2500.0 1500.0 0.0010  680.0 0.10 0.90
   3380.00 2500.0 1500.0 0.0010  680.0 0.10 0.90
   3880.00 2500.0 1500.0 0.0010  680.0 0.10 0.90
   1775.00 2500.0 1500.0 0.0010  680.0 0.10 0.90
   2130.00 2500.0 1500.0 0.0010  680.0 0.10 0.90
   3230.00 2500.0 1500.0 0.0010  680.0 0.10 0.90
   2810.00 2500.0 1500.0 0.0010  680.0 0.10 0.90
   4455.00 2500.0 1500.0 0.0010  680.0 0.10 0.90
   4065.00 2500.0 1500.0 0.0010  680.0 0.10 0.90
   6150.00 2500.0 1500.0 0.0010  680.0 0.10 0.90
   6150.00 2500.0 1500.0 0.0010  680.0 0.10 0.90
   4455.00 2500.0 1500.0 0.0010  680.0 0.10 0.90
   2945.00 2500.0 1500.0 0.0010  680.0 0.10 0.90
   4665.00 2500.0 1500.0 0.0010  680.0 0.10 0.90
   3230.00 2500.0 1500.0 0.0010  680.0 0.10 0.90
   3880.00 2500.0 1500.0 0.0010  680.0 0.10 0.90
   4065.00 2500.0 1500.0 0.0010  680.0 0.10 0.90
   4665.00 2500.0 1500.0 0.0010  680.0 0.10 0.90
   3080.00 2500.0 1500.0 0.0010  680.0 0.10 0.90
   3380.00 2500.0 1500.0 0.0010  680.0 0.10 0.90
   3080.00 2500.0 1500.0 0.0010  680.0 0.10 0.90
   2945.00 2500.0 1500.0 0.0010  680.0 0.10 0.90
   2810.00 2500.0 1500.0 0.0010  680.0 0.10 0.90
   3080.00 2500.0 1500.0 0.0010  680.0 0.10 0.90
   3880.00 2500.0 1500.0 0.0010  680.0 0.10 0.90
   4255.00 2500.0 1500.0 0.0010  680.0 0.10 0.90
   2340.00 2500.0 1500.0 0.0010  680.0 0.10 0.90
   3230.00 2500.0 1500.0 0.0010  680.0 0.10 0.90
   2945.00 2500.0 1500.0 0.0010  680.0 0.10 0.90
   3540.00 2500.0 1500.0 0.0010  680.0 0.10 0.90
   3380.00 2500.0 1500.0 0.0010  680.0 0.10 0.90
   2685.00 2500.0 1500.0 0.0010  680.0 0.10 0.90
   2450.00 2500.0 1500.0 0.0010  680.0 0.10 0.90
   3880.00 2500.0 1500.0 0.0010  680.0 0.10 0.90
   3080.00 2500.0 1500.0 0.0010  680.0 0.10 0.90
   3705.00 2500.0 1500.0 0.0010  680.0 0.10 0.90
   4255.00 2500.0 1500.0 0.0010  680.0 0.10 0.90
   2450.00 2500.0 1500.0 0.0010  680.0 0.10 0.90
   3230.00 2500.0 1500.0 0.0010  680.0 0.10 0.90
   3705.00 2500.0 1500.0 0.0010  680.0 0.10 0.90
   2565.00 2500.0 1500.0 0.0010  680.0 0.10 0.90
   3380.00 2500.0 1500.0 0.0010  680.0 0.10 0.90
   3230.00 2500.0 1500.0 0.0010  680.0 0.10 0.90
   4065.00 2500.0 1500.0 0.0010  680.0 0.10 0.90
   3705.00 2500.0 1500.0 0.0010  680.0 0.10 0.90
   2945.00 2500.0 1500.0 0.0010  680.0 0.10 0.90
   3080.00 2500.0 1500.0 0.0010  680.0 0.10 0.90
   3380.00 2500.0 1500.0 0.0010  680.0 0.10 0.90
   3080.00 2500.0 1500.0 0.0010  680.0 0.10 0.90
   3880.00 2500.0 1500.0 0.0010  680.0 0.10 0.90
   4065.00 2500.0 1500.0 0.0010  680.0 0.10 0.90
   2450.00 2500.0 1500.0 0.0010  680.0 0.10 0.90
   3380.00 2500.0 1500.0 0.0010  680.0 0.10 0.90
   5875.00 2500.0 1500.0 0.0010  680.0 0.10 0.90
   3705.00 2500.0 1500.0 0.0010  680.0 0.10 0.90
   3380.00 2500.0 1500.0 0.0010  680.0 0.10 0.90
   6150.00 2500.0 1500.0 0.0010  680.0 0.10 0.90
   4885.00 2500.0 1500.0 0.0010  680.0 0.10 0.90
   5875.00 2500.0 1500.0 0.0010  680.0 0.10 0.90
   2945.00 2500.0 1500.0 0.0010  680.0 0.10 0.90
   2685.00 2500.0 1500.0 0.0010  680.0 0.10 0.90
   2685.00 2500.0 1500.0 0.0010  680.0 0.10 0.90
   2565.00 2500.0 1500.0 0.0010  680.0 0.10 0.90
   2565.00 2500.0 1500.0 0.0010  680.0 0.10 0.90
   3880.00 2500.0 1500.0 0.0010  680.0 0.10 0.90
   2340.00 2500.0 1500.0 0.0010  680.0 0.10 0.90
   5610.00 2500.0 1500.0 0.0010  680.0 0.10 0.90
   2810.00 2500.0 1500.0 0.0010  680.0 0.10 0.90
   2685.00 2500.0 1500.0 0.0010  680.0 0.10 0.90
   3230.00 2500.0 1500.0 0.0010  680.0 0.10 0.90
   2235.00 2500.0 1500.0 0.0010  680.0 0.10 0.90
   3880.00 2500.0 1500.0 0.0010  680.0 0.10 0.90
   2685.00 2500.0 1500.0 0.0010  680.0 0.10 0.90
   2810.00 2500.0 1500.0 0.0010  680.0 0.10 0.90
   3230.00 2500.0 1500.0 0.0010  680.0 0.10 0.90
   4665.00 2500.0 1500.0 0.0010  680.0 0.10 0.90
   4455.00 2500.0 1500.0 0.0010  680.0 0.10 0.90
   6440.00 2500.0 1500.0 0.0010  680.0 0.10 0.90
   4255.00 2500.0 1500.0 0.0010  680.0 0.10 0.90
   3705.00 2500.0 1500.0 0.0010  680.0 0.10 0.90
   5115.00 2500.0 1500.0 0.0010  680.0 0.10 0.90
   3540.00 2500.0 1500.0 0.0010  680.0 0.10 0.90
   3880.00 2500.0 1500.0 0.0010  680.0 0.10 0.90
   3880.00 2500.0 1500.0 0.0010  680.0 0.10 0.90
   3380.00 2500.0 1500.0 0.0010  680.0 0.10 0.90
   3380.00 2500.0 1500.0 0.0010  680.0 0.10 0.90
   4065.00 2500.0 1500.0 0.0010  680.0 0.10 0.90
   4255.00 2500.0 1500.0 0.0010  680.0 0.10 0.90
   2810.00 2500.0 1500.0 0.0010  680.0 0.10 0.90
   3540.00 2500.0 1500.0 0.0010  680.0 0.10 0.90
   3880.00 2500.0 1500.0 0.0010  680.0 0.10 0.90
   2565.00 2500.0 1500.0 0.0010  680.0 0.10 0.90
   2945.00 2500.0 1500.0 0.0010  680.0 0.10 0.90
   4065.00 2500.0 1500.0 0.0010  680.0 0.10 0.90
   2565.00 2500.0 1500.0 0.0010  680.0 0.10 0.90
   5355.00 2500.0 1500.0 0.0010  680.0 0.10 0.90
   2810.00 2500.0 1500.0 0.0010  680.0 0.10 0.90
   3230.00 2500.0 1500.0 0.0010  680.0 0.10 0.90
   3880.00 2500.0 1500.0 0.0010  680.0 0.10 0.90
   3880.00 2500.0 1500.0 0.0010  680.0 0.10 0.90
   2685.00 2500.0 1500.0 0.0010  680.0 0.10 0.90
   3540.00 2500.0 1500.0 0.0010  680.0 0.10 0.90
   4455.00 2500.0 1500.0 0.0010  680.0 0.10 0.90
   2685.00 2500.0 1500.0 0.0010  680.0 0.10 0.90
   3880.00 2500.0 1500.0 0.0010  680.0 0.10 0.90
   2945.00 2500.0 1500.0 0.0010  680.0 0.10 0.90
   3380.00 2500.0 1500.0 0.0010  680.0 0.10 0.90
   4065.00 2500.0 1500.0 0.0010  680.0 0.10 0.90
   3880.00 2500.0 1500.0 0.0010  680.0 0.10 0.90
   3540.00 2500.0 1500.0 0.0010  680.0 0.10 0.90
   3705.00 2500.0 1500.0 0.0010  680.0 0.10 0.90
   3705.00 2500.0 1500.0 0.0010  680.0 0.10 0.90
   3080.00 2500.0 1500.0 0.0010  680.0 0.10 0.90
   4065.00 2500.0 1500.0 0.0010  680.0 0.10 0.90
   5355.00 2500.0 1500.0 0.0010  680.0 0.10 0.90
   4255.00 2500.0 1500.0 0.0010  680.0 0.10 0.90
   4665.00 2500.0 1500.0 0.0010  680.0 0.10 0.90
   3540.00 2500.0 1500.0 0.0010  680.0 0.10 0.90
   4665.00 2500.0 1500.0 0.0010  680.0 0.10 0.90
   5875.00 2500.0 1500.0 0.0010  680.0 0.10 0.90
   4255.00 2500.0 1500.0 0.0010  680.0 0.10 0.90
   3230.00 2500.0 1500.0 0.0010  680.0 0.10 0.90
   2340.00 2500.0 1500.0 0.0010  680.0 0.10 0.90
   3540.00 2500.0 1500.0 0.0010  680.0 0.10 0.90
   4065.00 2500.0 1500.0 0.0010  680.0 0.10 0.90
   3380.00 2500.0 1500.0 0.0010  680.0 0.10 0.90
   3080.00 2500.0 1500.0 0.0010  680.0 0.10 0.90
   2945.00 2500.0 1500.0 0.0010  680.0 0.10 0.90
   4455.00 2500.0 1500.0 0.0010  680.0 0.10 0.90
   3080.00 2500.0 1500.0 0.0010  680.0 0.10 0.90
   2340.00 2500.0 1500.0 0.0010  680.0 0.10 0.90
   2340.00 2500.0 1500.0 0.0010  680.0 0.10 0.90
   3880.00 2500.0 1500.0 0.0010  680.0 0.10 0.90
   2130.00 2500.0 1500.0 0.0010  680.0 0.10 0.90
   3230.00 2500.0 1500.0 0.0010  680.0 0.10 0.90
   3080.00 2500.0 1500.0 0.0010  680.0 0.10 0.90
   3540.00 2500.0 1500.0 0.0010  680.0 0.10 0.90
   3380.00 2500.0 1500.0 0.0010  680.0 0.10 0.90
   2810.00 2500.0 1500.0 0.0010  680.0 0.10 0.90
   3880.00 2500.0 1500.0 0.0010  680.0 0.10 0.90
   3080.00 2500.0 1500.0 0.0010  680.0 0.10 0.90
   3705.00 2500.0 1500.0 0.0010  680.0 0.10 0.90
   3380.00 2500.0 1500.0 0.0010  680.0 0.10 0.90
   3540.00 2500.0 1500.0 0.0010  680.0 0.10 0.90
   6745.00 2500.0 1500.0 0.0010  680.0 0.10 0.90
   3880.00 2500.0 1500.0 0.0010  680.0 0.10 0.90
   2130.00 2500.0 1500.0 0.0010  680.0 0.10 0.90
   4455.00 2500.0 1500.0 0.0010  680.0 0.10 0.90
   2450.00 2500.0 1500.0 0.0010  680.0 0.10 0.90
   4255.00 2500.0 1500.0 0.0010  680.0 0.10 0.90
   2810.00 2500.0 1500.0 0.0010  680.0 0.10 0.90
   3080.00 2500.0 1500.0 0.0010  680.0 0.10 0.90
   4885.00 2500.0 1500.0 0.0010  680.0 0.10 0.90
   2565.00 2500.0 1500.0 0.0010  680.0 0.10 0.90
   2810.00 2500.0 1500.0 0.0010  680.0 0.10 0.90
   2450.00 2500.0 1500.0 0.0010  680.0 0.10 0.90
   3230.00 2500.0 1500.0 0.0010  680.0 0.10 0.90
   2685.00 2500.0 1500.0 0.0010  680.0 0.10 0.90
   2565.00 2500.0 1500.0 0.0010  680.0 0.10 0.90
   3540.00 2500.0 1500.0 0.0010  680.0 0.10 0.90
   3380.00 2500.0 1500.0 0.0010  680.0 0.10 0.90
   3080.00 2500.0 1500.0 0.0010  680.0 0.10 0.90
   3080.00 2500.0 1500.0 0.0010  680.0 0.10 0.90
   3230.00 2500.0 1500.0 0.0010  680.0 0.10 0.90
   4255.00 2500.0 1500.0 0.0010  680.0 0.10 0.90
   2565.00 2500.0 1500.0 0.0010  680.0 0.10 0.90
   2450.00 2500.0 1500.0 0.0010  680.0 0.10 0.90
   4065.00 2500.0 1500.0 0.0010  680.0 0.10 0.90
   2945.00 2500.0 1500.0 0.0010  680.0 0.10 0.90
   3880.00 2500.0 1500.0 0.0010  680.0 0.10 0.90
   3540.00 2500.0 1500.0 0.0010  680.0 0.10 0.90
   3705.00 2500.0 1500.0 0.0010  680.0 0.10 0.90
   2565.00 2500.0 1500.0 0.0010  680.0 0.10 0.90
   4455.00 2500.0 1500.0 0.0010  680.0 0.10 0.90
   3540.00 2500.0 1500.0 0.0010  680.0 0.10 0.90
   2450.00 2500.0 1500.0 0.0010  680.0 0.10 0.90
   3380.00 2500.0 1500.0 0.0010  680.0 0.10 0.90
   3080.00 2500.0 1500.0 0.0010  680.0 0.10 0.90
   4065.00 2500.0 1500.0 0.0010  680.0 0.10 0.90
   5355.00 2500.0 1500.0 0.0010  680.0 0.10 0.90
   2685.00 2500.0 1500.0 0.0010  680.0 0.10 0.90
   4665.00 2500.0 1500.0 0.0010  680.0 0.10 0.90
   3705.00 2500.0 1500.0 0.0010  680.0 0.10 0.90
   6440.00 2500.0 1500.0 0.0010  680.0 0.10 0.90
   3705.00 2500.0 1500.0 0.0010  680.0 0.10 0.90
   2340.00 2500.0 1500.0 0.0010  680.0 0.10 0.90
   3880.00 2500.0 1500.0 0.0010  680.0 0.10 0.90
   3540.00 2500.0 1500.0 0.0010  680.0 0.10 0.90
   2945.00 2500.0 1500.0 0.0010  680.0 0.10 0.90
   2450.00 2500.0 1500.0 0.0010  680.0 0.10 0.90
   3230.00 2500.0 1500.0 0.0010  680.0 0.10 0.90
   2130.00 2500.0 1500.0 0.0010  680.0 0.10 0.90
   2810.00 2500.0 1500.0 0.0010  680.0 0.10 0.90
   2235.00 2500.0 1500.0 0.0010  680.0 0.10 0.90
   2945.00 2500.0 1500.0 0.0010  680.0 0.10 0.90
   3380.00 2500.0 1500.0 0.0010  680.0 0.10 0.90
   3080.00 2500.0 1500.0 0.0010  680.0 0.10 0.90
   2565.00 2500.0 1500.0 0.0010  680.0 0.10 0.90
   3230.00 2500.0 1500.0 0.0010  680.0 0.10 0.90
   2685.00 2500.0 1500.0 0.0010  680.0 0.10 0.90
   4255.00 2500.0 1500.0 0.0010  680.0 0.10 0.90
   5875.00 2500.0 1500.0 0.0010  680.0 0.10 0.90
   3230.00 2500.0 1500.0 0.0010  680.0 0.10 0.90
   4885.00 2500.0 1500.0 0.0010  680.0 0.10 0.90
   2130.00 2500.0 1500.0 0.0010  680.0 0.10 0.90
   4665.00 2500.0 1500.0 0.0010  680.0 0.10 0.90
   3080.00 2500.0 1500.0 0.0010  680.0 0.10 0.90
   4255.00 2500.0 1500.0 0.0010  680.0 0.10 0.90
   2945.00 2500.0 1500.0 0.0010  680.0 0.10 0.90
   5355.00 2500.0 1500.0 0.0010  680.0 0.10 0.90
   2035.00 2500.0 1500.0 0.0010  680.0 0.10 0.90
   3080.00 2500.0 1500.0 0.0010  680.0 0.10 0.90
   3380.00 2500.0 1500.0 0.0010  680.0 0.10 0.90
   4885.00 2500.0 1500.0 0.0010  680.0 0.10 0.90
   5115.00 2500.0 1500.0 0.0010  680.0 0.10 0.90
   4455.00 2500.0 1500.0 0.0010  680.0 0.10 0.90
   3080.00 2500.0 1500.0 0.0010  680.0 0.10 0.90
   4665.00 2500.0 1500.0 0.0010  680.0 0.10 0.90
   3380.00 2500.0 1500.0 0.0010  680.0 0.10 0.90
   2565.00 2500.0 1500.0 0.0010  680.0 0.10 0.90
   2945.00 2500.0 1500.0 0.0010  680.0 0.10 0.90
   3540.00 2500.0 1500.0 0.0010  680.0 0.10 0.90
   3230.00 2500.0 1500.0 0.0010  680.0 0.10 0.90
   3705.00 2500.0 1500.0 0.0010  680.0 0.10 0.90
   2810.00 2500.0 1500.0 0.0010  680.0 0.10 0.90
   2450.00 2500.0 1500.0 0.0010  680.0 0.10 0.90
   2810.00 2500.0 1500.0 0.0010  680.0 0.10 0.90
   3540.00 2500.0 1500.0 0.0010  680.0 0.10 0.90
   2810.00 2500.0 1500.0 0.0010  680.0 0.10 0.90
   3380.00 2500.0 1500.0 0.0010  680.0 0.10 0.90
   2945.00 2500.0 1500.0 0.0010  680.0 0.10 0.90
   2685.00 2500.0 1500.0 0.0010  680.0 0.10 0.90
   2340.00 2500.0 1500.0 0.0010  680.0 0.10 0.90
   3380.00 2500.0 1500.0 0.0010  680.0 0.10 0.90
   3230.00 2500.0 1500.0 0.0010  680.0 0.10 0.90
   3230.00 2500.0 1500.0 0.0010  680.0 0.10 0.90
   3705.00 2500.0 1500.0 0.0010  680.0 0.10 0.90
   2810.00 2500.0 1500.0 0.0010  680.0 0.10 0.90
   3380.00 2500.0 1500.0 0.0010  680.0 0.10 0.90
   2810.00 2500.0 1500.0 0.0010  680.0 0.10 0.90
   4065.00 2500.0 1500.0 0.0010  680.0 0.10 0.90
   2810.00 2500.0 1500.0 0.0010  680.0 0.10 0.90
   2130.00 2500.0 1500.0 0.0010  680.0 0.10 0.90
   2235.00 2500.0 1500.0 0.0010  680.0 0.10 0.90
   2810.00 2500.0 1500.0 0.0010  680.0 0.10 0.90
   2945.00 2500.0 1500.0 0.0010  680.0 0.10 0.90
   2945.00 2500.0 1500.0 0.0010  680.0 0.10 0.90
   2685.00 2500.0 1500.0 0.0010  680.0 0.10 0.90
   4065.00 2500.0 1500.0 0.0010  680.0 0.10 0.90
   3540.00 2500.0 1500.0 0.0010  680.0 0.10 0.90
   6150.00 2500.0 1500.0 0.0010  680.0 0.10 0.90
   3230.00 2500.0 1500.0 0.0010  680.0 0.10 0.90
   2685.00 2500.0 1500.0 0.0010  680.0 0.10 0.90
   2945.00 2500.0 1500.0 0.0010  680.0 0.10 0.90
   4255.00 2500.0 1500.0 0.0010  680.0 0.10 0.90
   2945.00 2500.0 1500.0 0.0010  680.0 0.10 0.90
   3705.00 2500.0 1500.0 0.0010  680.0 0.10 0.90
   3080.00 2500.0 1500.0 0.0010  680.0 0.10 0.90
   1945.00 2500.0 1500.0 0.0010  680.0 0.10 0.90
   3880.00 2500.0 1500.0 0.0010  680.0 0.10 0.90
   3080.00 2500.0 1500.0 0.0010  680.0 0.10 0.90
   2565.00 2500.0 1500.0 0.0010  680.0 0.10 0.90
   2565.00 2500.0 1500.0 0.0010  680.0 0.10 0.90
   2945.00 2500.0 1500.0 0.0010  680.0 0.10 0.90
   2565.00 2500.0 1500.0 0.0010  680.0 0.10 0.90
   2810.00 2500.0 1500.0 0.0010  680.0 0.10 0.90
   4255.00 2500.0 1500.0 0.0010  680.0 0.10 0.90
   2810.00 2500.0 1500.0 0.0010  680.0 0.10 0.90
   4065.00 2500.0 1500.0 0.0010  680.0 0.10 0.90
   3705.00 2500.0 1500.0 0.0010  680.0 0.10 0.90
   2565.00 2500.0 1500.0 0.0010  680.0 0.10 0.90
   5610.00 2500.0 1500.0 0.0010  680.0 0.10 0.90
   4455.00 2500.0 1500.0 0.0010  680.0 0.10 0.90
   5610.00 2500.0 1500.0 0.0010  680.0 0.10 0.90
   4665.00 2500.0 1500.0 0.0010  680.0 0.10 0.90
   3540.00 2500.0 1500.0 0.0010  680.0 0.10 0.90
   3705.00 2500.0 1500.0 0.0010  680.0 0.10 0.90
   3880.00 2500.0 1500.0 0.0010  680.0 0.10 0.90
   3880.00 2500.0 1500.0 0.0010  680.0 0.10 0.90
   3080.00 2500.0 1500.0 0.0010  680.0 0.10 0.90
   3540.00 2500.0 1500.0 0.0010  680.0 0.10 0.90
   3705.00 2500.0 1500.0 0.0010  680.0 0.10 0.90
   3880.00 2500.0 1500.0 0.0010  680.0 0.10 0.90
   3880.00 2500.0 1500.0 0.0010  680.0 0.10 0.90
   2945.00 2500.0 1500.0 0.0010  680.0 0.10 0.90
   3380.00 2500.0 1500.0 0.0010  680.0 0.10 0.90
   2810.00 2500.0 1500.0 0.0010  680.0 0.10 0.90
   2810.00 2500.0 1500.0 0.0010  680.0 0.10 0.90
   2945.00 2500.0 1500.0 0.0010  680.0 0.10 0.90
   3540.00 2500.0 1500.0 0.0010  680.0 0.10 0.90
   2130.00 2500.0 1500.0 0.0010  680.0 0.10 0.90
   2565.00 2500.0 1500.0 0.0010  680.0 0.10 0.90
   3540.00 2500.0 1500.0 0.0010  680.0 0.10 0.90
   2810.00 2500.0 1500.0 0.0010  680.0 0.10 0.90
   2685.00 2500.0 1500.0 0.0010  680.0 0.10 0.90
   2235.00 2500.0 1500.0 0.0010  680.0 0.10 0.90
   4255.00 2500.0 1500.0 0.0010  680.0 0.10 0.90
   3540.00 2500.0 1500.0 0.0010  680.0 0.10 0.90
   4455.00 2500.0 1500.0 0.0010  680.0 0.10 0.90
   3880.00 2500.0 1500.0 0.0010  680.0 0.10 0.90
   2035.00 2500.0 1500.0 0.0010  680.0 0.10 0.90
   3230.00 2500.0 1500.0 0.0010  680.0 0.10 0.90
   3230.00 2500.0 1500.0 0.0010  680.0 0.10 0.90
   3380.00 2500.0 1500.0 0.0010  680.0 0.10 0.90
   2565.00 2500.0 1500.0 0.0010  680.0 0.10 0.90
   3080.00 2500.0 1500.0 0.0010  680.0 0.10 0.90
   6745.00 2500.0 1500.0 0.0010  680.0 0.10 0.90
   4455.00 2500.0 1500.0 0.0010  680.0 0.10 0.90
   2685.00 2500.0 1500.0 0.0010  680.0 0.10 0.90
   2810.00 2500.0 1500.0 0.0010  680.0 0.10 0.90
   3380.00 2500.0 1500.0 0.0010  680.0 0.10 0.90
   2130.00 2500.0 1500.0 0.0010  680.0 0.10 0.90
   2130.00 2500.0 1500.0 0.0010  680.0 0.10 0.90
   2565.00 2500.0 1500.0 0.0010  680.0 0.10 0.90
   3380.00 2500.0 1500.0 0.0010  680.0 0.10 0.90
   2810.00 2500.0 1500.0 0.0010  680.0 0.10 0.90
   2945.00 2500.0 1500.0 0.0010  680.0 0.10 0.90
   2685.00 2500.0 1500.0 0.0010  680.0 0.10 0.90
   3705.00 2500.0 1500.0 0.0010  680.0 0.10 0.90
   3540.00 2500.0 1500.0 0.0010  680.0 0.10 0.90
   3080.00 2500.0 1500.0 0.0010  680.0 0.10 0.90
   4885.00 2500.0 1500.0 0.0010  680.0 0.10 0.90
   5115.00 2500.0 1500.0 0.0010  680.0 0.10 0.90
   2945.00 2500.0 1500.0 0.0010  680.0 0.10 0.90
   2035.00 2500.0 1500.0 0.0010  680.0 0.10 0.90
   4665.00 2500.0 1500.0 0.0010  680.0 0.10 0.90
   4065.00 2500.0 1500.0 0.0010  680.0 0.10 0.90
   3230.00 2500.0 1500.0 0.0010  680.0 0.10 0.90
   4065.00 2500.0 1500.0 0.0010  680.0 0.10 0.90
   4455.00 2500.0 1500.0 0.0010  680.0 0.10 0.90
   2810.00 2500.0 1500.0 0.0010  680.0 0.10 0.90
   3230.00 2500.0 1500.0 0.0010  680.0 0.10 0.90
   3880.00 2500.0 1500.0 0.0010  680.0 0.10 0.90
   4885.00 2500.0 1500.0 0.0010  680.0 0.10 0.90
   3080.00 2500.0 1500.0 0.0010  680.0 0.10 0.90
   3540.00 2500.0 1500.0 0.0010  680.0 0.10 0.90
   3080.00 2500.0 1500.0 0.0010  680.0 0.10 0.90
   1945.00 2500.0 1500.0 0.0010  680.0 0.10 0.90
   3540.00 2500.0 1500.0 0.0010  680.0 0.10 0.90
   2340.00 2500.0 1500.0 0.0010  680.0 0.10 0.90
   3080.00 2500.0 1500.0 0.0010  680.0 0.10 0.90
   3705.00 2500.0 1500.0 0.0010  680.0 0.10 0.90
   3230.00 2500.0 1500.0 0.0010  680.0 0.10 0.90
   3230.00 2500.0 1500.0 0.0010  680.0 0.10 0.90
   3880.00 2500.0 1500.0 0.0010  680.0 0.10 0.90
   3080.00 2500.0 1500.0 0.0010  680.0 0.10 0.90
   3540.00 2500.0 1500.0 0.0010  680.0 0.10 0.90
   3540.00 2500.0 1500.0 0.0010  680.0 0.10 0.90
   3230.00 2500.0 1500.0 0.0010  680.0 0.10 0.90
   2945.00 2500.0 1500.0 0.0010  680.0 0.10 0.90
   5115.00 2500.0 1500.0 0.0010  680.0 0.10 0.90
   3880.00 2500.0 1500.0 0.0010  680.0 0.10 0.90
   3080.00 2500.0 1500.0 0.0010  680.0 0.10 0.90
   5610.00 2500.0 1500.0 0.0010  680.0 0.10 0.90
   3230.00 2500.0 1500.0 0.0010  680.0 0.10 0.90
   3230.00 2500.0 1500.0 0.0010  680.0 0.10 0.90
   4885.00 2500.0 1500.0 0.0010  680.0 0.10 0.90
   3705.00 2500.0 1500.0 0.0010  680.0 0.10 0.90
   4455.00 2500.0 1500.0 0.0010  680.0 0.10 0.90
   3230.00 2500.0 1500.0 0.0010  680.0 0.10 0.90
   4665.00 2500.0 1500.0 0.0010  680.0 0.10 0.90
   4065.00 2500.0 1500.0 0.0010  680.0 0.10 0.90
   3080.00 2500.0 1500.0 0.0010  680.0 0.10 0.90
   3230.00 2500.0 1500.0 0.0010  680.0 0.10 0.90
   5115.00 2500.0 1500.0 0.0010  680.0 0.10 0.90
   4455.00 2500.0 1500.0 0.0010  680.0 0.10 0.90
   3230.00 2500.0 1500.0 0.0010  680.0 0.10 0.90
   3705.00 2500.0 1500.0 0.0010  680.0 0.10 0.90
   3230.00 2500.0 1500.0 0.0010  680.0 0.10 0.90
   5115.00 2500.0 1500.0 0.0010  680.0 0.10 0.90
   3705.00 2500.0 1500.0 0.0010  680.0 0.10 0.90
   3080.00 2500.0 1500.0 0.0010  680.0 0.10 0.90
   3705.00 2500.0 1500.0 0.0010  680.0 0.10 0.90
   4665.00 2500.0 1500.0 0.0010  680.0 0.10 0.90
   2685.00 2500.0 1500.0 0.0010  680.0 0.10 0.90
   5115.00 2500.0 1500.0 0.0010  680.0 0.10 0.90
   4065.00 2500.0 1500.0 0.0010  680.0 0.10 0.90
   4885.00 2500.0 1500.0 0.0010  680.0 0.10 0.90
   3705.00 2500.0 1500.0 0.0010  680.0 0.10 0.90
   2685.00 2500.0 1500.0 0.0010  680.0 0.10 0.90
   4065.00 2500.0 1500.0 0.0010  680.0 0.10 0.90
   4885.00 2500.0 1500.0 0.0010  680.0 0.10 0.90
   3230.00 2500.0 1500.0 0.0010  680.0 0.10 0.90
   3230.00 2500.0 1500.0 0.0010  680.0 0.10 0.90
   3540.00 2500.0 1500.0 0.0010  680.0 0.10 0.90
   3880.00 2500.0 1500.0 0.0010  680.0 0.10 0.90
   4455.00 2500.0 1500.0 0.0010  680.0 0.10 0.90
   3380.00 2500.0 1500.0 0.0010  680.0 0.10 0.90
   4065.00 2500.0 1500.0 0.0010  680.0 0.10 0.90
   3540.00 2500.0 1500.0 0.0010  680.0 0.10 0.90
   4065.00 2500.0 1500.0 0.0010  680.0 0.10 0.90
   4065.00 2500.0 1500.0 0.0010  680.0 0.10 0.90
   4065.00 2500.0 1500.0 0.0010  680.0 0.10 0.90
   5115.00 2500.0 1500.0 0.0010  680.0 0.10 0.90
   3380.00 2500.0 1500.0 0.0010  680.0 0.10 0.90
   2810.00 2500.0 1500.0 0.0010  680.0 0.10 0.90
   3880.00 2500.0 1500.0 0.0010  680.0 0.10 0.90
   4065.00 2500.0 1500.0 0.0010  680.0 0.10 0.90
   3230.00 2500.0 1500.0 0.0010  680.0 0.10 0.90
   3880.00 2500.0 1500.0 0.0010  680.0 0.10 0.90
   3705.00 2500.0 1500.0 0.0010  680.0 0.10 0.90
   4065.00 2500.0 1500.0 0.0010  680.0 0.10 0.90
   3380.00 2500.0 1500.0 0.0010  680.0 0.10 0.90
   3705.00 2500.0 1500.0 0.0010  680.0 0.10 0.90
   3380.00 2500.0 1500.0 0.0010  680.0 0.10 0.90
   3705.00 2500.0 1500.0 0.0010  680.0 0.10 0.90
   3540.00 2500.0 1500.0 0.0010  680.0 0.10 0.90
   2945.00 2500.0 1500.0 0.0010  680.0 0.10 0.90
   4255.00 2500.0 1500.0 0.0010  680.0 0.10 0.90
   2945.00 2500.0 1500.0 0.0010  680.0 0.10 0.90
   2810.00 2500.0 1500.0 0.0010  680.0 0.10 0.90
   2810.00 2500.0 1500.0 0.0010  680.0 0.10 0.90
   2565.00 2500.0 1500.0 0.0010  680.0 0.10 0.90
   3705.00 2500.0 1500.0 0.0010  680.0 0.10 0.90
   2810.00 2500.0 1500.0 0.0010  680.0 0.10 0.90
   3880.00 2500.0 1500.0 0.0010  680.0 0.10 0.90
   4885.00 2500.0 1500.0 0.0010  680.0 0.10 0.90
   4255.00 2500.0 1500.0 0.0010  680.0 0.10 0.90
   4255.00 2500.0 1500.0 0.0010  680.0 0.10 0.90
   3230.00 2500.0 1500.0 0.0010  680.0 0.10 0.90
   3080.00 2500.0 1500.0 0.0010  680.0 0.10 0.90
   3705.00 2500.0 1500.0 0.0010  680.0 0.10 0.90
   4065.00 2500.0 1500.0 0.0010  680.0 0.10 0.90
   4065.00 2500.0 1500.0 0.0010  680.0 0.10 0.90
   2035.00 2500.0 1500.0 0.0010  680.0 0.10 0.90
   2450.00 2500.0 1500.0 0.0010  680.0 0.10 0.90
   3540.00 2500.0 1500.0 0.0010  680.0 0.10 0.90
   2810.00 2500.0 1500.0 0.0010  680.0 0.10 0.90
   3380.00 2500.0 1500.0 0.0010  680.0 0.10 0.90
   3540.00 2500.0 1500.0 0.0010  680.0 0.10 0.90
   3540.00 2500.0 1500.0 0.0010  680.0 0.10 0.90
   4065.00 2500.0 1500.0 0.0010  680.0 0.10 0.90
   4065.00 2500.0 1500.0 0.0010  680.0 0.10 0.90
   2945.00 2500.0 1500.0 0.0010  680.0 0.10 0.90
   5355.00 2500.0 1500.0 0.0010  680.0 0.10 0.90
   3540.00 2500.0 1500.0 0.0010  680.0 0.10 0.90
   4065.00 2500.0 1500.0 0.0010  680.0 0.10 0.90
   2685.00 2500.0 1500.0 0.0010  680.0 0.10 0.90
   5610.00 2500.0 1500.0 0.0010  680.0 0.10 0.90
   4885.00 2500.0 1500.0 0.0010  680.0 0.10 0.90
   3230.00 2500.0 1500.0 0.0010  680.0 0.10 0.90
   3880.00 2500.0 1500.0 0.0010  680.0 0.10 0.90
   4885.00 2500.0 1500.0 0.0010  680.0 0.10 0.90
   2945.00 2500.0 1500.0 0.0010  680.0 0.10 0.90
   2340.00 2500.0 1500.0 0.0010  680.0 0.10 0.90
   3705.00 2500.0 1500.0 0.0010  680.0 0.10 0.90
   3230.00 2500.0 1500.0 0.0010  680.0 0.10 0.90
   2450.00 2500.0 1500.0 0.0010  680.0 0.10 0.90
   2685.00 2500.0 1500.0 0.0010  680.0 0.10 0.90
   2810.00 2500.0 1500.0 0.0010  680.0 0.10 0.90
   2685.00 2500.0 1500.0 0.0010  680.0 0.10 0.90
   3880.00 2500.0 1500.0 0.0010  680.0 0.10 0.90
   3230.00 2500.0 1500.0 0.0010  680.0 0.10 0.90
   3540.00 2500.0 1500.0 0.0010  680.0 0.10 0.90
   3540.00 2500.0 1500.0 0.0010  680.0 0.10 0.90
   3230.00 2500.0 1500.0 0.0010  680.0 0.10 0.90
   4065.00 2500.0 1500.0 0.0010  680.0 0.10 0.90
   3880.00 2500.0 1500.0 0.0010  680.0 0.10 0.90
   3380.00 2500.0 1500.0 0.0010  680.0 0.10 0.90
   3080.00 2500.0 1500.0 0.0010  680.0 0.10 0.90
   3080.00 2500.0 1500.0 0.0010  680.0 0.10 0.90
   3380.00 2500.0 1500.0 0.0010  680.0 0.10 0.90
   4455.00 2500.0 1500.0 0.0010  680.0 0.10 0.90
   2945.00 2500.0 1500.0 0.0010  680.0 0.10 0.90
   3230.00 2500.0 1500.0 0.0010  680.0 0.10 0.90
   3080.00 2500.0 1500.0 0.0010  680.0 0.10 0.90
   3540.00 2500.0 1500.0 0.0010  680.0 0.10 0.90
   5355.00 2500.0 1500.0 0.0010  680.0 0.10 0.90
   3540.00 2500.0 1500.0 0.0010  680.0 0.10 0.90
   4255.00 2500.0 1500.0 0.0010  680.0 0.10 0.90
   4065.00 2500.0 1500.0 0.0010  680.0 0.10 0.90
   5355.00 2500.0 1500.0 0.0010  680.0 0.10 0.90
   3380.00 2500.0 1500.0 0.0010  680.0 0.10 0.90
   4065.00 2500.0 1500.0 0.0010  680.0 0.10 0.90
   4065.00 2500.0 1500.0 0.0010  680.0 0.10 0.90
   3705.00 2500.0 1500.0 0.0010  680.0 0.10 0.90
   4455.00 2500.0 1500.0 0.0010  680.0 0.10 0.90
   3540.00 2500.0 1500.0 0.0010  680.0 0.10 0.90
   3705.00 2500.0 1500.0 0.0010  680.0 0.10 0.90
   3230.00 2500.0 1500.0 0.0010  680.0 0.10 0.90
   5610.00 2500.0 1500.0 0.0010  680.0 0.10 0.90
   3230.00 2500.0 1500.0 0.0010  680.0 0.10 0.90
   6150.00 2500.0 1500.0 0.0010  680.0 0.10 0.90
   3230.00 2500.0 1500.0 0.0010  680.0 0.10 0.90
   4455.00 2500.0 1500.0 0.0010  680.0 0.10 0.90
   3540.00 2500.0 1500.0 0.0010  680.0 0.10 0.90
   3540.00 2500.0 1500.0 0.0010  680.0 0.10 0.90
   5115.00 2500.0 1500.0 0.0010  680.0 0.10 0.90
   3230.00 2500.0 1500.0 0.0010  680.0 0.10 0.90
   2945.00 2500.0 1500.0 0.0010  680.0 0.10 0.90
   4255.00 2500.0 1500.0 0.0010  680.0 0.10 0.90
   4065.00 2500.0 1500.0 0.0010  680.0 0.10 0.90
   4665.00 2500.0 1500.0 0.0010  680.0 0.10 0.90
   6440.00 2500.0 1500.0 0.0010  680.0 0.10 0.90
   3230.00 2500.0 1500.0 0.0010  680.0 0.10 0.90
   5610.00 2500.0 1500.0 0.0010  680.0 0.10 0.90
   5115.00 2500.0 1500.0 0.0010  680.0 0.10 0.90
   3880.00 2500.0 1500.0 0.0010  680.0 0.10 0.90
   3230.00 2500.0 1500.0 0.0010  680.0 0.10 0.90
   4065.00 2500.0 1500.0 0.0010  680.0 0.10 0.90
   3080.00 2500.0 1500.0 0.0010  680.0 0.10 0.90
   3540.00 2500.0 1500.0 0.0010  680.0 0.10 0.90
   4455.00 2500.0 1500.0 0.0010  680.0 0.10 0.90
   4255.00 2500.0 1500.0 0.0010  680.0 0.10 0.90
   3540.00 2500.0 1500.0 0.0010  680.0 0.10 0.90
   3080.00 2500.0 1500.0 0.0010  680.0 0.10 0.90
   2810.00 2500.0 1500.0 0.0010  680.0 0.10 0.90
   3380.00 2500.0 1500.0 0.0010  680.0 0.10 0.90
   3705.00 2500.0 1500.0 0.0010  680.0 0.10 0.90
   3705.00 2500.0 1500.0 0.0010  680.0 0.10 0.90
   6150.00 2500.0 1500.0 0.0010  680.0 0.10 0.90
   3880.00 2500.0 1500.0 0.0010  680.0 0.10 0.90
   3380.00 2500.0 1500.0 0.0010  680.0 0.10 0.90
   3540.00 2500.0 1500.0 0.0010  680.0 0.10 0.90
   6150.00 2500.0 1500.0 0.0010  680.0 0.10 0.90
   4065.00 2500.0 1500.0 0.0010  680.0 0.10 0.90
   4065.00 2500.0 1500.0 0.0010  680.0 0.10 0.90
   3080.00 2500.0 1500.0 0.0010  680.0 0.10 0.90
   2945.00 2500.0 1500.0 0.0010  680.0 0.10 0.90
   2810.00 2500.0 1500.0 0.0010  680.0 0.10 0.90
   2035.00 2500.0 1500.0 0.0010  680.0 0.10 0.90
   4455.00 2500.0 1500.0 0.0010  680.0 0.10 0.90
   3705.00 2500.0 1500.0 0.0010  680.0 0.10 0.90
   5115.00 2500.0 1500.0 0.0010  680.0 0.10 0.90
   3705.00 2500.0 1500.0 0.0010  680.0 0.10 0.90
   4665.00 2500.0 1500.0 0.0010  680.0 0.10 0.90
   2810.00 2500.0 1500.0 0.0010  680.0 0.10 0.90
   5115.00 2500.0 1500.0 0.0010  680.0 0.10 0.90
   3540.00 2500.0 1500.0 0.0010  680.0 0.10 0.90
   3380.00 2500.0 1500.0 0.0010  680.0 0.10 0.90
   2810.00 2500.0 1500.0 0.0010  680.0 0.10 0.90
   5115.00 2500.0 1500.0 0.0010  680.0 0.10 0.90
   3380.00 2500.0 1500.0 0.0010  680.0 0.10 0.90
   3540.00 2500.0 1500.0 0.0010  680.0 0.10 0.90
   3080.00 2500.0 1500.0 0.0010  680.0 0.10 0.90
   3380.00 2500.0 1500.0 0.0010  680.0 0.10 0.90
   5875.00 2500.0 1500.0 0.0010  680.0 0.10 0.90
   2235.00 2500.0 1500.0 0.0010  680.0 0.10 0.90
   2685.00 2500.0 1500.0 0.0010  680.0 0.10 0.90
   3380.00 2500.0 1500.0 0.0010  680.0 0.10 0.90
   2340.00 2500.0 1500.0 0.0010  680.0 0.10 0.90
   2945.00 2500.0 1500.0 0.0010  680.0 0.10 0.90
   2685.00 2500.0 1500.0 0.0010  680.0 0.10 0.90
   2565.00 2500.0 1500.0 0.0010  680.0 0.10 0.90
   4255.00 2500.0 1500.0 0.0010  680.0 0.10 0.90
   3880.00 2500.0 1500.0 0.0010  680.0 0.10 0.90
   2945.00 2500.0 1500.0 0.0010  680.0 0.10 0.90
   2945.00 2500.0 1500.0 0.0010  680.0 0.10 0.90
   3705.00 2500.0 1500.0 0.0010  680.0 0.10 0.90
   3230.00 2500.0 1500.0 0.0010  680.0 0.10 0.90
   3380.00 2500.0 1500.0 0.0010  680.0 0.10 0.90
   4885.00 2500.0 1500.0 0.0010  680.0 0.10 0.90
   4065.00 2500.0 1500.0 0.0010  680.0 0.10 0.90
   3705.00 2500.0 1500.0 0.0010  680.0 0.10 0.90
   3380.00 2500.0 1500.0 0.0010  680.0 0.10 0.90
   3080.00 2500.0 1500.0 0.0010  680.0 0.10 0.90
   4065.00 2500.0 1500.0 0.0010  680.0 0.10 0.90
   3080.00 2500.0 1500.0 0.0010  680.0 0.10 0.90
   3540.00 2500.0 1500.0 0.0010  680.0 0.10 0.90
   3705.00 2500.0 1500.0 0.0010  680.0 0.10 0.90
   2130.00 2500.0 1500.0 0.0010  680.0 0.10 0.90
   3230.00 2500.0 1500.0 0.0010  680.0 0.10 0.90
   3705.00 2500.0 1500.0 0.0010  680.0 0.10 0.90
   3230.00 2500.0 1500.0 0.0010  680.0 0.10 0.90
   2685.00 2500.0 1500.0 0.0010  680.0 0.10 0.90
   2810.00 2500.0 1500.0 0.0010  680.0 0.10 0.90
   3540.00 2500.0 1500.0 0.0010  680.0 0.10 0.90
   2945.00 2500.0 1500.0 0.0010  680.0 0.10 0.90
   3540.00 2500.0 1500.0 0.0010  680.0 0.10 0.90
   3230.00 2500.0 1500.0 0.0010  680.0 0.10 0.90
   2810.00 2500.0 1500.0 0.0010  680.0 0.10 0.90
   4255.00 2500.0 1500.0 0.0010  680.0 0.10 0.90
   4455.00 2500.0 1500.0 0.0010  680.0 0.10 0.90
   3230.00 2500.0 1500.0 0.0010  680.0 0.10 0.90
   4065.00 2500.0 1500.0 0.0010  680.0 0.10 0.90
   5355.00 2500.0 1500.0 0.0010  680.0 0.10 0.90
   3230.00 2500.0 1500.0 0.0010  680.0 0.10 0.90
   3540.00 2500.0 1500.0 0.0010  680.0 0.10 0.90
   3540.00 2500.0 1500.0 0.0010  680.0 0.10 0.90
   4455.00 2500.0 1500.0 0.0010  680.0 0.10 0.90
   3230.00 2500.0 1500.0 0.0010  680.0 0.10 0.90
   3880.00 2500.0 1500.0 0.0010  680.0 0.10 0.90
   3540.00 2500.0 1500.0 0.0010  680.0 0.10 0.90
   3540.00 2500.0 1500.0 0.0010  680.0 0.10 0.90
   4065.00 2500.0 1500.0 0.0010  680.0 0.10 0.90
   2945.00 2500.0 1500.0 0.0010  680.0 0.10 0.90
   2685.00 2500.0 1500.0 0.0010  680.0 0.10 0.90
   3080.00 2500.0 1500.0 0.0010  680.0 0.10 0.90
   2945.00 2500.0 1500.0 0.0010  680.0 0.10 0.90
   3540.00 2500.0 1500.0 0.0010  680.0 0.10 0.90
   3080.00 2500.0 1500.0 0.0010  680.0 0.10 0.90
   4455.00 2500.0 1500.0 0.0010  680.0 0.10 0.90
   2810.00 2500.0 1500.0 0.0010  680.0 0.10 0.90
   3080.00 2500.0 1500.0 0.0010  680.0 0.10 0.90
   3230.00 2500.0 1500.0 0.0010  680.0 0.10 0.90
   2945.00 2500.0 1500.0 0.0010  680.0 0.10 0.90
   2945.00 2500.0 1500.0 0.0010  680.0 0.10 0.90
   5875.00 2500.0 1500.0 0.0010  680.0 0.10 0.90
   2810.00 2500.0 1500.0 0.0010  680.0 0.10 0.90
   3080.00 2500.0 1500.0 0.0010  680.0 0.10 0.90
   4065.00 2500.0 1500.0 0.0010  680.0 0.10 0.90
   3540.00 2500.0 1500.0 0.0010  680.0 0.10 0.90
   3230.00 2500.0 1500.0 0.0010  680.0 0.10 0.90
   2810.00 2500.0 1500.0 0.0010  680.0 0.10 0.90
   4665.00 2500.0 1500.0 0.0010  680.0 0.10 0.90
   4455.00 2500.0 1500.0 0.0010  680.0 0.10 0.90
   3540.00 2500.0 1500.0 0.0010  680.0 0.10 0.90
   5115.00 2500.0 1500.0 0.0010  680.0 0.10 0.90
   2340.00 2500.0 1500.0 0.0010  680.0 0.10 0.90
   2235.00 2500.0 1500.0 0.0010  680.0 0.10 0.90
   4665.00 2500.0 1500.0 0.0010  680.0 0.10 0.90
   3380.00 2500.0 1500.0 0.0010  680.0 0.10 0.90
   2685.00 2500.0 1500.0 0.0010  680.0 0.10 0.90
   2565.00 2500.0 1500.0 0.0010  680.0 0.10 0.90
   4255.00 2500.0 1500.0 0.0010  680.0 0.10 0.90
   3705.00 2500.0 1500.0 0.0010  680.0 0.10 0.90
   3880.00 2500.0 1500.0 0.0010  680.0 0.10 0.90
   3080.00 2500.0 1500.0 0.0010  680.0 0.10 0.90
   4665.00 2500.0 1500.0 0.0010  680.0 0.10 0.90
   4255.00 2500.0 1500.0 0.0010  680.0 0.10 0.90
   5115.00 2500.0 1500.0 0.0010  680.0 0.10 0.90
   4455.00 2500.0 1500.0 0.0010  680.0 0.10 0.90
   3705.00 2500.0 1500.0 0.0010  680.0 0.10 0.90
   3540.00 2500.0 1500.0 0.0010  680.0 0.10 0.90
   3380.00 2500.0 1500.0 0.0010  680.0 0.10 0.90
   4455.00 2500.0 1500.0 0.0010  680.0 0.10 0.90
   3880.00 2500.0 1500.0 0.0010  680.0 0.10 0.90
   3540.00 2500.0 1500.0 0.0010  680.0 0.10 0.90
   2685.00 2500.0 1500.0 0.0010  680.0 0.10 0.90
   2450.00 2500.0 1500.0 0.0010  680.0 0.10 0.90
   2450.00 2500.0 1500.0 0.0010  680.0 0.10 0.90
   2235.00 2500.0 1500.0 0.0010  680.0 0.10 0.90
   2565.00 2500.0 1500.0 0.0010  680.0 0.10 0.90
   2685.00 2500.0 1500.0 0.0010  680.0 0.10 0.90
   4885.00 2500.0 1500.0 0.0010  680.0 0.10 0.90
   2450.00 2500.0 1500.0 0.0010  680.0 0.10 0.90
   3230.00 2500.0 1500.0 0.0010  680.0 0.10 0.90
   4065.00 2500.0 1500.0 0.0010  680.0 0.10 0.90
   2945.00 2500.0 1500.0 0.0010  680.0 0.10 0.90
   2945.00 2500.0 1500.0 0.0010  680.0 0.10 0.90
   3540.00 2500.0 1500.0 0.0010  680.0 0.10 0.90
   5355.00 2500.0 1500.0 0.0010  680.0 0.10 0.90
   4255.00 2500.0 1500.0 0.0010  680.0 0.10 0.90
   3705.00 2500.0 1500.0 0.0010  680.0 0.10 0.90
   4885.00 2500.0 1500.0 0.0010  680.0 0.10 0.90
   3540.00 2500.0 1500.0 0.0010  680.0 0.10 0.90
   3880.00 2500.0 1500.0 0.0010  680.0 0.10 0.90
   2235.00 2500.0 1500.0 0.0010  680.0 0.10 0.90
   2810.00 2500.0 1500.0 0.0010  680.0 0.10 0.90
   1855.00 2500.0 1500.0 0.0010  680.0 0.10 0.90
   2235.00 2500.0 1500.0 0.0010  680.0 0.10 0.90
   2450.00 2500.0 1500.0 0.0010  680.0 0.10 0.90
   4455.00 2500.0 1500.0 0.0010  680.0 0.10 0.90
   3705.00 2500.0 1500.0 0.0010  680.0 0.10 0.90
   2810.00 2500.0 1500.0 0.0010  680.0 0.10 0.90
   3705.00 2500.0 1500.0 0.0010  680.0 0.10 0.90
   3230.00 2500.0 1500.0 0.0010  680.0 0.10 0.90
   2810.00 2500.0 1500.0 0.0010  680.0 0.10 0.90
   2685.00 2500.0 1500.0 0.0010  680.0 0.10 0.90
   3540.00 2500.0 1500.0 0.0010  680.0 0.10 0.90
   2810.00 2500.0 1500.0 0.0010  680.0 0.10 0.90
   5355.00 2500.0 1500.0 0.0010  680.0 0.10 0.90
   3705.00 2500.0 1500.0 0.0010  680.0 0.10 0.90
   3380.00 2500.0 1500.0 0.0010  680.0 0.10 0.90
   2945.00 2500.0 1500.0 0.0010  680.0 0.10 0.90
   2945.00 2500.0 1500.0 0.0010  680.0 0.10 0.90
   4665.00 2500.0 1500.0 0.0010  680.0 0.10 0.90
   2035.00 2500.0 1500.0 0.0010  680.0 0.10 0.90
   3230.00 2500.0 1500.0 0.0010  680.0 0.10 0.90
   2945.00 2500.0 1500.0 0.0010  680.0 0.10 0.90
   5115.00 2500.0 1500.0 0.0010  680.0 0.10 0.90
   4885.00 2500.0 1500.0 0.0010  680.0 0.10 0.90
   4255.00 2500.0 1500.0 0.0010  680.0 0.10 0.90
   3540.00 2500.0 1500.0 0.0010  680.0 0.10 0.90
   4455.00 2500.0 1500.0 0.0010  680.0 0.10 0.90
   4065.00 2500.0 1500.0 0.0010  680.0 0.10 0.90
   3380.00 2500.0 1500.0 0.0010  680.0 0.10 0.90
   3705.00 2500.0 1500.0 0.0010  680.0 0.10 0.90
   3230.00 2500.0 1500.0 0.0010  680.0 0.10 0.90
   4455.00 2500.0 1500.0 0.0010  680.0 0.10 0.90
   2810.00 2500.0 1500.0 0.0010  680.0 0.10 0.90
   2810.00 2500.0 1500.0 0.0010  680.0 0.10 0.90
   2685.00 2500.0 1500.0 0.0010  680.0 0.10 0.90
   2565.00 2500.0 1500.0 0.0010  680.0 0.10 0.90
   1945.00 2500.0 1500.0 0.0010  680.0 0.10 0.90
