2000
1.0d3			! dt_YORP [yr]; time step for the YORP integrator
1.0d5			! dt_YORP_out [yr]; time step for the output (reorient.out)
200			! number of Gaussian spheres in fg_functions/ directory
7			! number of data points in each fg_functions/ file
30.0			! dobliq [deg], corresponding step in obliquity
2.5			! a_0 [AU] reference value of semimajor axis
1.0d3			! R_0 [m] reference radius
2500.d0			! rho_0 [kg/m^3] reference density
2.9088821d-4		! omega_0 [rad/s] reference spin rate <=> P_0 = 6 hours
0.33d0			! c_YORP efficiency parameter
T                       ! change Gauss sphere randomly after reaching omega_crit
../fg_functions_K1e-3/
1	49
2	59
3	170
4	31
5	118
6	40
7	163
8	36
9	98
10	31
11	74
12	99
13	183
14	54
15	180
16	45
17	127
18	115
19	67
20	22
21	102
22	114
23	172
24	9
25	23
26	129
27	4
28	145
29	21
30	98
31	52
32	136
33	180
34	153
35	145
36	183
37	187
38	77
39	181
40	157
41	66
42	40
43	200
44	33
45	143
46	101
47	188
48	144
49	22
50	43
51	113
52	142
53	17
54	103
55	40
56	56
57	129
58	91
59	9
60	94
61	17
62	9
63	33
64	81
65	139
66	108
67	138
68	55
69	94
70	56
71	91
72	188
73	18
74	92
75	190
76	172
77	25
78	4
79	48
80	174
81	88
82	155
83	176
84	76
85	190
86	161
87	169
88	190
89	118
90	121
91	65
92	85
93	182
94	33
95	168
96	147
97	99
98	43
99	25
100	11
101	86
102	66
103	22
104	87
105	126
106	125
107	157
108	99
109	199
110	186
111	129
112	150
113	192
114	104
115	45
116	61
117	163
118	2
119	57
120	185
121	74
122	82
123	176
124	191
125	199
126	31
127	111
128	48
129	155
130	93
131	147
132	40
133	96
134	186
135	173
136	190
137	81
138	70
139	41
140	65
141	68
142	115
143	88
144	176
145	130
146	105
147	180
148	169
149	129
150	96
151	86
152	3
153	123
154	187
155	71
156	52
157	83
158	50
159	197
160	95
161	137
162	161
163	171
164	56
165	121
166	142
167	28
168	153
169	77
170	33
171	130
172	128
173	113
174	42
175	191
176	182
177	86
178	130
179	190
180	152
181	153
182	9
183	193
184	67
185	148
186	123
187	113
188	111
189	142
190	51
191	99
192	53
193	145
194	91
195	130
196	25
197	10
198	182
199	171
200	51
201	120
202	160
203	24
204	92
205	6
206	93
207	68
208	197
209	100
210	79
211	47
212	175
213	70
214	155
215	156
216	78
217	64
218	133
219	184
220	66
221	115
222	111
223	5
224	142
225	102
226	72
227	127
228	48
229	189
230	16
231	168
232	44
233	75
234	5
235	132
236	44
237	84
238	75
239	56
240	141
241	70
242	58
243	9
244	161
245	170
246	162
247	27
248	174
249	96
250	9
251	119
252	60
253	110
254	7
255	59
256	3
257	93
258	23
259	47
260	56
261	36
262	6
263	56
264	175
265	134
266	157
267	48
268	53
269	145
270	12
271	8
272	107
273	186
274	32
275	6
276	75
277	29
278	184
279	61
280	124
281	56
282	39
283	104
284	19
285	129
286	133
287	74
288	175
289	46
290	173
291	20
292	8
293	24
294	191
295	34
296	108
297	112
298	42
299	85
300	168
301	42
302	97
303	37
304	105
305	163
306	171
307	131
308	100
309	61
310	87
311	61
312	156
313	164
314	82
315	141
316	50
317	56
318	115
319	117
320	9
321	31
322	76
323	131
324	166
325	171
326	26
327	200
328	133
329	89
330	136
331	188
332	131
333	142
334	149
335	56
336	41
337	72
338	77
339	151
340	178
341	161
342	22
343	145
344	200
345	38
346	142
347	160
348	88
349	20
350	93
351	67
352	113
353	85
354	103
355	110
356	133
357	123
358	155
359	63
360	173
361	14
362	98
363	66
364	107
365	3
366	38
367	142
368	104
369	74
370	5
371	104
372	164
373	50
374	110
375	65
376	28
377	110
378	49
379	98
380	153
381	67
382	183
383	191
384	20
385	96
386	26
387	191
388	161
389	186
390	185
391	117
392	5
393	139
394	126
395	56
396	198
397	146
398	201
399	40
400	111
401	187
402	136
403	113
404	74
405	94
406	38
407	37
408	74
409	15
410	174
411	61
412	80
413	173
414	39
415	151
416	34
417	137
418	46
419	178
420	100
421	54
422	116
423	88
424	101
425	198
426	63
427	168
428	170
429	7
430	148
431	51
432	125
433	128
434	31
435	194
436	43
437	153
438	17
439	44
440	153
441	1
442	98
443	51
444	117
445	98
446	88
447	108
448	2
449	27
450	17
451	177
452	162
453	146
454	62
455	65
456	4
457	129
458	184
459	181
460	126
461	126
462	166
463	76
464	61
465	196
466	109
467	181
468	75
469	112
470	148
471	21
472	36
473	9
474	69
475	148
476	119
477	157
478	107
479	140
480	76
481	121
482	98
483	197
484	50
485	164
486	51
487	151
488	148
489	9
490	176
491	145
492	151
493	98
494	148
495	72
496	199
497	29
498	22
499	65
500	16
501	32
502	76
503	28
504	28
505	126
506	175
507	91
508	188
509	76
510	182
511	184
512	10
513	25
514	201
515	161
516	106
517	167
518	31
519	34
520	162
521	145
522	125
523	50
524	176
525	140
526	15
527	75
528	70
529	178
530	158
531	32
532	143
533	90
534	110
535	145
536	153
537	20
538	167
539	86
540	42
541	148
542	88
543	163
544	83
545	180
546	175
547	24
548	187
549	37
550	187
551	133
552	142
553	117
554	61
555	11
556	108
557	55
558	126
559	124
560	152
561	173
562	37
563	52
564	83
565	158
566	185
567	12
568	136
569	111
570	201
571	188
572	63
573	44
574	27
575	36
576	60
577	59
578	20
579	125
580	91
581	121
582	154
583	115
584	59
585	183
586	33
587	7
588	147
589	160
590	35
591	104
592	81
593	38
594	69
595	11
596	100
597	9
598	153
599	105
600	124
601	90
602	175
603	16
604	163
605	50
606	11
607	93
608	72
609	46
610	69
611	55
612	91
613	76
614	9
615	150
616	66
617	126
618	136
619	42
620	97
621	21
622	144
623	95
624	68
625	103
626	154
627	37
628	194
629	177
630	188
631	124
632	34
633	33
634	21
635	83
636	126
637	152
638	187
639	46
640	104
641	123
642	47
643	137
644	57
645	10
646	124
647	183
648	165
649	197
650	3
651	149
652	108
653	142
654	44
655	124
656	161
657	30
658	40
659	138
660	146
661	98
662	2
663	125
664	14
665	188
666	2
667	164
668	13
669	24
670	116
671	187
672	32
673	100
674	154
675	43
676	119
677	127
678	75
679	140
680	65
681	200
682	41
683	137
684	157
685	100
686	195
687	61
688	164
689	117
690	153
691	145
692	122
693	109
694	32
695	64
696	97
697	116
698	198
699	123
700	74
701	60
702	105
703	8
704	130
705	175
706	111
707	167
708	177
709	100
710	82
711	46
712	41
713	43
714	191
715	98
716	38
717	82
718	5
719	166
720	194
721	33
722	170
723	116
724	13
725	14
726	138
727	151
728	138
729	139
730	103
731	115
732	138
733	52
734	38
735	69
736	167
737	120
738	162
739	80
740	5
741	79
742	18
743	82
744	81
745	121
746	56
747	12
748	111
749	105
750	165
751	128
752	44
753	196
754	141
755	61
756	169
757	200
758	64
759	159
760	75
761	72
762	194
763	67
764	127
765	30
766	37
767	165
768	140
769	50
770	17
771	192
772	92
773	172
774	17
775	58
776	100
777	90
778	187
779	24
780	105
781	109
782	73
783	66
784	98
785	67
786	182
787	194
788	7
789	144
790	94
791	31
792	170
793	71
794	186
795	122
796	173
797	10
798	78
799	44
800	162
801	123
802	2
803	6
804	85
805	102
806	183
807	63
808	183
809	38
810	49
811	159
812	64
813	28
814	155
815	198
816	194
817	133
818	193
819	162
820	161
821	24
822	182
823	56
824	127
825	120
826	186
827	112
828	141
829	177
830	141
831	80
832	129
833	145
834	136
835	27
836	198
837	14
838	71
839	170
840	59
841	44
842	67
843	171
844	79
845	151
846	17
847	114
848	180
849	161
850	153
851	159
852	102
853	195
854	25
855	194
856	64
857	49
858	170
859	142
860	151
861	28
862	71
863	32
864	154
865	155
866	161
867	45
868	146
869	128
870	190
871	171
872	8
873	56
874	15
875	77
876	104
877	59
878	56
879	49
880	181
881	173
882	134
883	94
884	116
885	97
886	152
887	77
888	196
889	181
890	92
891	31
892	7
893	147
894	26
895	154
896	98
897	33
898	59
899	56
900	70
901	140
902	108
903	166
904	9
905	75
906	45
907	123
908	73
909	89
910	2
911	181
912	141
913	93
914	51
915	152
916	146
917	170
918	163
919	26
920	73
921	42
922	183
923	133
924	160
925	29
926	60
927	14
928	168
929	128
930	172
931	116
932	43
933	32
934	2
935	10
936	65
937	79
938	155
939	59
940	116
941	171
942	19
943	198
944	170
945	103
946	196
947	112
948	8
949	159
950	35
951	30
952	10
953	101
954	131
955	137
956	84
957	109
958	62
959	160
960	192
961	50
962	106
963	174
964	113
965	20
966	185
967	193
968	68
969	112
970	34
971	107
972	195
973	196
974	176
975	116
976	8
977	58
978	8
979	153
980	122
981	84
982	108
983	181
984	22
985	4
986	136
987	95
988	123
989	183
990	195
991	163
992	90
993	60
994	175
995	17
996	48
997	50
998	58
999	122
1000	200
1001	154
1002	12
1003	127
1004	97
1005	115
1006	112
1007	81
1008	184
1009	179
1010	89
1011	96
1012	54
1013	88
1014	117
1015	126
1016	26
1017	157
1018	93
1019	176
1020	83
1021	145
1022	104
1023	95
1024	144
1025	48
1026	22
1027	133
1028	153
1029	137
1030	129
1031	196
1032	107
1033	140
1034	46
1035	40
1036	35
1037	11
1038	125
1039	132
1040	189
1041	196
1042	148
1043	69
1044	151
1045	59
1046	38
1047	59
1048	62
1049	197
1050	91
1051	13
1052	195
1053	189
1054	151
1055	39
1056	99
1057	73
1058	90
1059	137
1060	185
1061	42
1062	164
1063	163
1064	116
1065	127
1066	53
1067	148
1068	62
1069	173
1070	53
1071	36
1072	13
1073	101
1074	196
1075	49
1076	136
1077	52
1078	177
1079	3
1080	158
1081	50
1082	25
1083	107
1084	51
1085	154
1086	47
1087	190
1088	38
1089	58
1090	191
1091	143
1092	79
1093	7
1094	2
1095	108
1096	47
1097	93
1098	132
1099	166
1100	176
1101	100
1102	31
1103	19
1104	14
1105	161
1106	29
1107	179
1108	37
1109	74
1110	132
1111	193
1112	189
1113	79
1114	91
1115	84
1116	72
1117	22
1118	60
1119	158
1120	30
1121	119
1122	54
1123	39
1124	80
1125	43
1126	4
1127	119
1128	44
1129	96
1130	43
1131	105
1132	77
1133	129
1134	163
1135	176
1136	76
1137	72
1138	120
1139	55
1140	106
1141	82
1142	84
1143	41
1144	90
1145	114
1146	20
1147	70
1148	23
1149	70
1150	59
1151	96
1152	153
1153	143
1154	85
1155	162
1156	168
1157	169
1158	76
1159	123
1160	14
1161	145
1162	111
1163	86
1164	185
1165	16
1166	34
1167	46
1168	6
1169	34
1170	12
1171	48
1172	121
1173	53
1174	45
1175	33
1176	111
1177	201
1178	84
1179	155
1180	176
1181	35
1182	192
1183	21
1184	139
1185	192
1186	30
1187	109
1188	150
1189	153
1190	71
1191	115
1192	10
1193	52
1194	156
1195	31
1196	159
1197	121
1198	96
1199	171
1200	42
1201	161
1202	15
1203	119
1204	200
1205	83
1206	123
1207	12
1208	125
1209	145
1210	14
1211	36
1212	105
1213	163
1214	57
1215	10
1216	152
1217	36
1218	197
1219	164
1220	133
1221	8
1222	130
1223	143
1224	87
1225	197
1226	82
1227	66
1228	81
1229	114
1230	159
1231	164
1232	197
1233	8
1234	55
1235	175
1236	27
1237	71
1238	103
1239	13
1240	13
1241	96
1242	50
1243	25
1244	59
1245	50
1246	70
1247	7
1248	198
1249	27
1250	135
1251	84
1252	36
1253	106
1254	20
1255	28
1256	79
1257	34
1258	64
1259	22
1260	142
1261	38
1262	8
1263	49
1264	9
1265	23
1266	141
1267	141
1268	23
1269	145
1270	156
1271	81
1272	24
1273	37
1274	72
1275	176
1276	138
1277	194
1278	2
1279	153
1280	188
1281	184
1282	147
1283	79
1284	86
1285	14
1286	156
1287	43
1288	39
1289	120
1290	185
1291	65
1292	177
1293	135
1294	98
1295	94
1296	101
1297	155
1298	129
1299	155
1300	25
1301	128
1302	140
1303	152
1304	47
1305	96
1306	119
1307	177
1308	25
1309	94
1310	100
1311	98
1312	124
1313	57
1314	140
1315	175
1316	80
1317	99
1318	126
1319	5
1320	38
1321	101
1322	122
1323	64
1324	100
1325	107
1326	156
1327	164
1328	186
1329	126
1330	66
1331	88
1332	32
1333	187
1334	66
1335	90
1336	126
1337	197
1338	172
1339	109
1340	102
1341	103
1342	55
1343	42
1344	25
1345	171
1346	49
1347	134
1348	148
1349	103
1350	145
1351	182
1352	101
1353	85
1354	149
1355	126
1356	60
1357	157
1358	50
1359	151
1360	105
1361	33
1362	187
1363	12
1364	139
1365	78
1366	29
1367	74
1368	169
1369	87
1370	63
1371	87
1372	180
1373	79
1374	176
1375	99
1376	155
1377	94
1378	68
1379	147
1380	45
1381	170
1382	174
1383	11
1384	111
1385	32
1386	95
1387	194
1388	101
1389	56
1390	19
1391	4
1392	129
1393	194
1394	81
1395	112
1396	97
1397	163
1398	51
1399	176
1400	172
1401	143
1402	51
1403	151
1404	53
1405	107
1406	149
1407	173
1408	143
1409	191
1410	125
1411	71
1412	173
1413	117
1414	98
1415	199
1416	83
1417	31
1418	155
1419	14
1420	171
1421	20
1422	170
1423	73
1424	105
1425	92
1426	102
1427	40
1428	117
1429	144
1430	18
1431	186
1432	72
1433	134
1434	20
1435	199
1436	77
1437	52
1438	150
1439	104
1440	197
1441	64
1442	10
1443	54
1444	23
1445	196
1446	6
1447	116
1448	148
1449	41
1450	35
1451	134
1452	189
1453	7
1454	9
1455	138
1456	131
1457	11
1458	121
1459	18
1460	179
1461	30
1462	5
1463	175
1464	117
1465	167
1466	117
1467	169
1468	76
1469	23
1470	195
1471	137
1472	127
1473	51
1474	121
1475	93
1476	9
1477	107
1478	104
1479	186
1480	16
1481	170
1482	184
1483	153
1484	172
1485	141
1486	13
1487	117
1488	8
1489	109
1490	148
1491	64
1492	7
1493	24
1494	9
1495	80
1496	13
1497	31
1498	29
1499	105
1500	156
1501	105
1502	8
1503	4
1504	67
1505	76
1506	129
1507	151
1508	146
1509	152
1510	67
1511	14
1512	54
1513	88
1514	21
1515	9
1516	15
1517	23
1518	160
1519	90
1520	99
1521	19
1522	36
1523	14
1524	43
1525	46
1526	21
1527	137
1528	103
1529	19
1530	187
1531	62
1532	84
1533	77
1534	13
1535	139
1536	189
1537	108
1538	201
1539	9
1540	114
1541	18
1542	2
1543	17
1544	187
1545	169
1546	122
1547	93
1548	32
1549	44
1550	160
1551	167
1552	75
1553	22
1554	85
1555	91
1556	115
1557	123
1558	2
1559	14
1560	44
1561	72
1562	176
1563	132
1564	36
1565	43
1566	46
1567	111
1568	186
1569	113
1570	63
1571	9
1572	159
1573	25
1574	38
1575	91
1576	178
1577	198
1578	6
1579	20
1580	42
1581	201
1582	90
1583	188
1584	6
1585	41
1586	55
1587	96
1588	142
1589	162
1590	98
1591	200
1592	18
1593	4
1594	64
1595	147
1596	24
1597	36
1598	174
1599	161
1600	69
1601	68
1602	76
1603	190
1604	6
1605	8
1606	24
1607	10
1608	178
1609	98
1610	190
1611	22
1612	65
1613	24
1614	190
1615	64
1616	85
1617	169
1618	60
1619	173
1620	95
1621	96
1622	108
1623	151
1624	23
1625	198
1626	128
1627	163
1628	5
1629	50
1630	160
1631	145
1632	57
1633	120
1634	127
1635	85
1636	110
1637	146
1638	36
1639	13
1640	9
1641	14
1642	33
1643	74
1644	74
1645	163
1646	150
1647	155
1648	195
1649	49
1650	144
1651	85
1652	46
1653	142
1654	141
1655	158
1656	160
1657	24
1658	170
1659	192
1660	27
1661	200
1662	160
1663	28
1664	95
1665	171
1666	159
1667	164
1668	171
1669	194
1670	2
1671	179
1672	77
1673	66
1674	86
1675	150
1676	173
1677	163
1678	26
1679	110
1680	78
1681	137
1682	109
1683	3
1684	98
1685	6
1686	156
1687	178
1688	174
1689	102
1690	64
1691	68
1692	117
1693	76
1694	20
1695	77
1696	195
1697	121
1698	6
1699	114
1700	59
1701	95
1702	106
1703	115
1704	128
1705	160
1706	34
1707	107
1708	69
1709	17
1710	171
1711	165
1712	13
1713	156
1714	40
1715	84
1716	26
1717	166
1718	122
1719	82
1720	104
1721	73
1722	64
1723	90
1724	89
1725	48
1726	75
1727	169
1728	139
1729	97
1730	60
1731	30
1732	23
1733	25
1734	3
1735	79
1736	143
1737	29
1738	178
1739	150
1740	112
1741	137
1742	46
1743	123
1744	59
1745	167
1746	170
1747	67
1748	71
1749	26
1750	3
1751	176
1752	77
1753	141
1754	8
1755	124
1756	199
1757	18
1758	94
1759	88
1760	8
1761	13
1762	126
1763	185
1764	78
1765	183
1766	97
1767	24
1768	184
1769	17
1770	123
1771	190
1772	7
1773	177
1774	142
1775	153
1776	108
1777	147
1778	31
1779	56
1780	20
1781	142
1782	22
1783	126
1784	198
1785	61
1786	150
1787	38
1788	85
1789	159
1790	127
1791	64
1792	160
1793	19
1794	49
1795	71
1796	94
1797	96
1798	174
1799	116
1800	144
1801	121
1802	70
1803	181
1804	117
1805	162
1806	84
1807	142
1808	109
1809	78
1810	143
1811	13
1812	39
1813	41
1814	16
1815	92
1816	32
1817	39
1818	162
1819	160
1820	177
1821	70
1822	157
1823	165
1824	177
1825	102
1826	86
1827	163
1828	145
1829	41
1830	65
1831	47
1832	63
1833	185
1834	174
1835	180
1836	156
1837	97
1838	49
1839	157
1840	103
1841	133
1842	187
1843	7
1844	147
1845	169
1846	94
1847	91
1848	151
1849	100
1850	137
1851	21
1852	179
1853	105
1854	168
1855	127
1856	145
1857	193
1858	63
1859	156
1860	51
1861	24
1862	139
1863	82
1864	1
1865	71
1866	51
1867	167
1868	128
1869	11
1870	152
1871	60
1872	137
1873	79
1874	92
1875	129
1876	169
1877	184
1878	75
1879	106
1880	144
1881	105
1882	63
1883	40
1884	109
1885	65
1886	29
1887	5
1888	106
1889	190
1890	152
1891	96
1892	136
1893	200
1894	46
1895	108
1896	92
1897	65
1898	44
1899	199
1900	95
1901	144
1902	99
1903	1
1904	133
1905	120
1906	125
1907	72
1908	40
1909	132
1910	22
1911	172
1912	71
1913	7
1914	27
1915	5
1916	109
1917	76
1918	2
1919	146
1920	138
1921	199
1922	154
1923	4
1924	26
1925	164
1926	45
1927	45
1928	115
1929	164
1930	130
1931	57
1932	67
1933	18
1934	78
1935	14
1936	92
1937	182
1938	111
1939	79
1940	62
1941	136
1942	41
1943	184
1944	88
1945	150
1946	189
1947	96
1948	161
1949	188
1950	192
1951	97
1952	86
1953	36
1954	131
1955	67
1956	65
1957	111
1958	18
1959	109
1960	173
1961	17
1962	15
1963	109
1964	52
1965	150
1966	151
1967	83
1968	2
1969	126
1970	197
1971	35
1972	167
1973	187
1974	158
1975	28
1976	34
1977	61
1978	65
1979	172
1980	47
1981	48
1982	193
1983	130
1984	128
1985	81
1986	84
1987	109
1988	73
1989	116
1990	160
1991	74
1992	37
1993	166
1994	22
1995	88
1996	105
1997	182
1998	195
1999	86
2000	67
