           5
 2.9591397914149967E-04
 0.0000000000000000E+00  0.0000000000000000E+00  0.0000000000000000E+00
 0.0000000000000000E+00  0.0000000000000000E+00  0.0000000000000000E+00
 2.8253459095242259E-07
 4.9087756470100938E+00  6.7908053901780951E-01  2.6338252767065570E-02
-1.0122473662190518E-03  7.8472946489251735E-03  1.7127561487470295E-05
 8.4597151856806587E-08
 6.6767193226671493E+00 -7.1707564306746034E+00 -7.1839933390491592E-02
 3.7893159558932648E-03  3.8910715133684162E-03 -7.6754476482886164E-05
 1.2920249167819691E-08
 1.6801958797843266E+01  1.0178953375348803E+01  3.5036924931512503E-01
-2.1219893614841125E-03  3.2064575821707814E-03 -1.0749125857085216E-05
 1.5243589007842760E-08
 2.7660043474737140E+01 -1.1378317622604246E+01  1.2629606950131211E-01
 1.1820801832652071E-03  2.9358241048465681E-03 -3.7742327189008402E-05
