360
-1
1
  0.82594558   0.53949060   0.16359642   0.000504
 -0.93794723   0.29564022  -0.18125083   0.000537
 -0.16033208   0.98666137  -0.02815970   0.000380
  0.06777069   0.51107231  -0.85686185   0.000215
  0.81351000  -0.20008862   0.54604581   0.000353
 -0.97187687   0.23077886   0.04686657   0.000156
  0.97086304  -0.09633519  -0.21941854   0.000219
 -0.24832717   0.35205803  -0.90243491   0.000202
  0.98611217   0.01430315  -0.16546359   0.000619
  0.22472895   0.35454920  -0.90762975   0.000191
  0.61696541   0.47447606   0.62787431   0.000236
  0.00285242   0.87369128   0.48647242   0.000672
 -0.56538035  -0.73848575  -0.36740149   0.000203
  0.33538039  -0.21331209  -0.91761536   0.000295
 -0.68823076  -0.14825571   0.71018213   0.000182
  0.54426765  -0.69382473   0.47157181   0.000207
 -0.49979439  -0.84965812  -0.16818634   0.000162
 -0.02692230   0.50421656  -0.86315749   0.000754
 -0.91144061  -0.36015497   0.19890804   0.000393
  0.21108475   0.28591201  -0.93471790   0.000231
 -0.58812583  -0.77884457  -0.21796593   0.000593
  0.32903974   0.77735803   0.53614116   0.000157
 -0.55526625   0.62355012   0.55033140   0.000159
  0.42358913   0.84590433   0.32406499   0.000156
  0.48816131   0.67204153  -0.55682916   0.000169
  0.27642436  -0.95135619   0.13605501   0.000164
 -0.32713881   0.63716945   0.69785048   0.000180
  0.00847686  -0.69850414  -0.71555581   0.000186
  0.58465316   0.36272460  -0.72568006   0.000174
  0.26881522  -0.78348604  -0.56025709   0.000348
 -0.97154858   0.23626944   0.01643500   0.000415
 -0.31405501   0.61636430  -0.72212499   0.000199
  0.84535960  -0.40967653   0.34282983   0.000187
 -0.66093692   0.64296552   0.38698543   0.000316
 -0.06526876   0.91636749  -0.39498179   0.000195
  0.07626518   0.54654451  -0.83395007   0.000167
 -0.31781956  -0.93887198  -0.13232588   0.000634
 -0.04354109  -0.72508863  -0.68727772   0.000747
 -0.25161648   0.92680849  -0.27877440   0.000295
  0.94965301  -0.29598021   0.10273697   0.000175
  0.28156973  -0.10261631   0.95403793   0.000238
  0.42668410   0.89346531   0.14021565   0.000202
  0.57378376  -0.78388466   0.23726997   0.000238
  0.75433353  -0.55669139   0.34795921   0.000225
  0.00350018  -0.98459713  -0.17480345   0.000327
 -0.90707752   0.09372487   0.41039740   0.000236
 -0.29866512   0.51537216   0.80323762   0.000181
  0.40575196   0.25645480   0.87726637   0.000193
 -0.94607476   0.25411539   0.20091770   0.000323
 -0.89528053   0.42512247   0.13320534   0.000308
  0.47249169   0.85311058  -0.22125537   0.000196
  0.54001987   0.77715088   0.32313317   0.000161
  0.25263961   0.91734043  -0.30766827   0.000776
  0.92667562  -0.28162621   0.24891559   0.000314
 -0.10645078  -0.98334092  -0.14733928   0.000178
  0.91999962   0.23082524  -0.31673395   0.000740
 -0.08202882   0.94833434  -0.30648533   0.000449
  0.70797011  -0.60858018  -0.35834131   0.000293
  0.59593967   0.68775302  -0.41454999   0.000332
 -0.20960398  -0.19343425   0.95846198   0.000306
 -0.29394623   0.59370696   0.74907120   0.000201
 -0.73944313  -0.64785431   0.18305370   0.000539
 -0.21646726   0.63036600   0.74550696   0.000237
 -0.11987641   0.10224103  -0.98751021   0.000236
 -0.58373866   0.23929712  -0.77587761   0.000197
 -0.65963996   0.27527144   0.69935738   0.000455
 -0.48219208  -0.83788094  -0.25582480   0.000157
  0.02543115   0.70552242  -0.70823116   0.000157
  0.48070337  -0.00057883   0.87688308   0.000207
  0.72882522   0.55068897   0.40688507   0.000714
 -0.38923292   0.06428227  -0.91889364   0.000287
 -0.31943166  -0.16772381   0.93264792   0.000204
  0.37333588  -0.92607111  -0.05488732   0.000315
 -0.53425846  -0.21938308   0.81635713   0.000154
  0.75443669  -0.65603401   0.02108682   0.000164
 -0.25548639  -0.18324156  -0.94928880   0.000174
  0.42453485  -0.64818444  -0.63216066   0.000416
 -0.74684428   0.07794061   0.66041569   0.000796
  0.69624292  -0.46590300  -0.54605878   0.000212
  0.02576976  -0.44318046  -0.89606194   0.000302
  0.30451719  -0.00571416   0.95248970   0.000319
 -0.47613261  -0.87471453   0.09040042   0.000420
  0.47487771  -0.86588524  -0.15727020   0.000234
  0.51647545  -0.73422845   0.44063782   0.000382
 -0.58432543  -0.75305696   0.30243844   0.000447
 -0.60578213  -0.63357510   0.48125940   0.000278
  0.59443041  -0.68090657   0.42780688   0.000159
 -0.44986672  -0.19155476   0.87231113   0.000167
  0.71491328   0.46063077  -0.52604020   0.000503
  0.33719554   0.44552779  -0.82933959   0.000188
  0.49718607  -0.86456696   0.07300670   0.000223
  0.55314424   0.19899368  -0.80897031   0.000248
  0.36816637   0.20215205  -0.90751753   0.000193
 -0.22186365  -0.02079180   0.97485600   0.000322
  0.64362264  -0.44200206   0.62480723   0.000185
 -0.47306677  -0.51358318  -0.71584924   0.000838
 -0.75326858  -0.60183795   0.26528762   0.000275
 -0.17509200   0.98161637  -0.07597428   0.000198
  0.06883699   0.11670054   0.99077871   0.000814
  0.62319854  -0.33914905  -0.70469958   0.000180
 -0.96933215  -0.18348634   0.16348685   0.000150
  0.48070158  -0.13263237   0.86679562   0.000363
  0.95401951  -0.29967448  -0.00647975   0.000191
 -0.36310653  -0.09793426   0.92658649   0.000246
 -0.32707488   0.41743047  -0.84780530   0.000327
  0.95694272  -0.13045543   0.25931064   0.000171
 -0.74322168   0.24816134  -0.62131915   0.000214
 -0.78599588   0.09573649  -0.61077410   0.000598
 -0.54808245  -0.81592781   0.18403109   0.000273
 -0.83066568  -0.15813824   0.53384158   0.000157
  0.65556497   0.26380546  -0.70756007   0.000162
 -0.21753352  -0.83326657  -0.50827748   0.000170
  0.21925725  -0.20119214   0.95469785   0.000257
 -0.90792619  -0.36100412   0.21294613   0.000342
  0.35527350  -0.69481586   0.62530925   0.000492
  0.62369594   0.24283195   0.74299127   0.000214
  0.00935576   0.97570214  -0.21890134   0.000291
  0.96002323   0.03681636   0.27748866   0.000636
 -0.46717968   0.62105333   0.62931384   0.000251
 -0.50081121  -0.80662500   0.31391757   0.000200
 -0.73436273  -0.48025365   0.47965384   0.000246
  0.93916891   0.24196608   0.24375023   0.000223
 -0.96841014  -0.24325108  -0.05487004   0.000183
 -0.22383664  -0.77081597  -0.59643935   0.000157
 -0.94900814   0.27055364  -0.16181557   0.000155
 -0.19802306   0.93886470  -0.28163796   0.000196
 -0.43638427  -0.80668540  -0.39853159   0.000544
 -0.77499309  -0.36223161   0.51785517   0.000303
  0.27144968  -0.34490314  -0.89853041   0.000510
  0.29208113  -0.93093610  -0.21919532   0.000170
 -0.42060120   0.51372950  -0.74778114   0.000727
  0.69481207   0.51151324  -0.50555949   0.000539
  0.26798339  -0.46726145  -0.84252694   0.000158
  0.19772653  -0.82489097   0.52958391   0.000392
  0.33539544  -0.92541935  -0.17637720   0.000189
 -0.91777743  -0.28166987  -0.27990476   0.000244
 -0.88849761  -0.44574877  -0.10899551   0.000665
 -0.34182173   0.84900016   0.40293502   0.000581
  0.68402622   0.54015160   0.49024931   0.000171
  0.10633017   0.20027342   0.97395300   0.000255
  0.48883877   0.62966658   0.60378527   0.000259
  0.72554981   0.31704415   0.61078677   0.000338
 -0.18206170   0.23204463   0.95551496   0.000230
  0.80456243   0.57639231   0.14300768   0.000332
  0.82898639   0.15805304  -0.53647068   0.000505
 -0.22791371  -0.16874781  -0.95894709   0.000152
  0.11766708   0.97656798   0.18019276   0.000362
  0.83479748  -0.24926854  -0.49089548   0.000303
  0.85908549  -0.30919318   0.40788686   0.000625
  0.21431255  -0.09197873   0.97242483   0.000531
  0.83512561  -0.41155998  -0.36494329   0.000503
 -0.96380480  -0.03613804   0.26414836   0.000200
  0.04104630  -0.27976905  -0.95918949   0.000507
  0.45318207  -0.06653839  -0.88893118   0.000150
 -0.00887871  -0.99960255   0.02675668   0.000182
 -0.28389825  -0.12036935   0.95126916   0.000194
  0.02951642   0.97715180   0.21048311   0.000545
 -0.23826779  -0.65104779  -0.72066999   0.000434
 -0.81819436  -0.06712216  -0.57101016   0.000339
 -0.65513955   0.35399891  -0.66744059   0.000147
  0.38402883   0.59087674  -0.70949738   0.000211
  0.14573922  -0.97774944   0.15088444   0.000701
  0.40883810   0.35770199   0.83958364   0.000401
 -0.83142223  -0.53813779   0.13836468   0.000531
  0.11089056   0.79318956   0.59879346   0.000538
  0.55061638   0.80308015  -0.22778030   0.000239
  0.48318437   0.53558776  -0.69258834   0.000579
 -0.26473994   0.46445806   0.84509850   0.000431
  0.53243801   0.82866792  -0.17268252   0.000176
 -0.09894764  -0.98734823  -0.12390658   0.000243
 -0.94936935   0.28958409  -0.12181498   0.000227
 -0.78025526   0.02472785   0.62497221   0.000151
 -0.57864360   0.12847605  -0.80539772   0.000180
 -0.95656992  -0.26279194   0.12615220   0.000192
 -0.35477830  -0.80312829   0.47866199   0.000194
 -0.36095240   0.11964017   0.92487815   0.000190
 -0.19009989   0.85685137  -0.47923665   0.000151
  0.22719928   0.75325954   0.61723621   0.000155
 -0.60948010  -0.59388108   0.52520403   0.000150
 -0.91412314   0.12870078   0.38446715   0.000843
 -0.88365516   0.42834050   0.18888612   0.000224
 -0.04555462  -0.63900938   0.76784881   0.000245
 -0.15530147   0.67309739   0.72306387   0.000157
  0.45216824   0.07092443   0.88910832   0.000459
  0.12778719  -0.93923873  -0.31859227   0.000261
 -0.32360949  -0.94617103  -0.00610497   0.000213
  0.11819495  -0.72692091  -0.67647316   0.000195
  0.12849820  -0.24571448   0.96078749   0.000619
 -0.81181175   0.48435400  -0.32613324   0.000235
 -0.19208579  -0.60841027  -0.77002597   0.000158
 -0.34294943  -0.40502192  -0.84755114   0.000220
  0.95721172   0.28795177  -0.02880098   0.000689
 -0.91645567  -0.28755182  -0.27824981   0.000336
  0.14184236  -0.62781326   0.76533081   0.000205
  0.29110138   0.80573820   0.51579641   0.000262
  0.37487595   0.50716465   0.77604900   0.000221
  0.00224683   0.00054031   0.99999733   0.000190
  0.88322213   0.03147693  -0.46789728   0.000411
 -0.76315940   0.37321094  -0.52754272   0.000478
  0.23492260  -0.96674373   0.10108383   0.000244
  0.92795174  -0.04088760   0.37045078   0.000196
  0.65670082   0.61977331   0.42968020   0.000352
  0.53680884   0.11614195   0.83567177   0.000277
 -0.20658599  -0.96591287   0.15599535   0.000254
 -0.99302556  -0.08207099  -0.08464385   0.000208
 -0.72915031   0.46726820   0.50000025   0.000416
  0.85483914  -0.48966671  -0.17168737   0.000741
  0.12170687  -0.30119612   0.94576336   0.000201
 -0.99764726   0.04341636  -0.05305622   0.000231
  0.90569718  -0.17402587  -0.38655868   0.000166
 -0.89711025  -0.29317691   0.33051551   0.000227
  0.23785873   0.86967804  -0.43253130   0.000162
  0.87308222  -0.45270642  -0.18106446   0.000263
  0.96433257   0.06850987  -0.25567379   0.000196
 -0.95075257   0.13430861  -0.27933984   0.000821
  0.09715594   0.35342673   0.93040328   0.000277
 -0.87799778  -0.47404150  -0.06636689   0.000684
  0.48444276   0.31985589  -0.81425268   0.000172
  0.23643876  -0.50686590  -0.82896542   0.000342
 -0.02543942  -0.31968923   0.94718089   0.000515
  0.89439710  -0.44491756  -0.04584969   0.000146
  0.93603443  -0.08658207   0.34109103   0.000310
 -0.79256038   0.08409243  -0.60396730   0.000252
 -0.97948796  -0.16883203  -0.10999579   0.000162
 -0.62937496  -0.40971785  -0.66031692   0.000203
  0.45836720   0.85048823   0.25801022   0.000374
 -0.44303277  -0.88423021  -0.14784753   0.000206
 -0.27608044  -0.11525772   0.95419875   0.000821
  0.35955987  -0.72035814   0.59312801   0.000263
  0.95247275  -0.27003161  -0.14099147   0.000147
  0.84344516  -0.24679898  -0.47716929   0.000562
 -0.49915971  -0.79345905  -0.34822738   0.000159
  0.77795477   0.58585286  -0.22707445   0.000376
  0.37429355   0.90672158   0.19432013   0.000671
  0.89542084   0.43064734  -0.11297961   0.000520
 -0.24161877  -0.20893607   0.94761073   0.000147
  0.25368769   0.68552925  -0.68241645   0.000221
  0.47623739   0.83716073   0.26899789   0.000196
  0.13464080  -0.64628289   0.75112601   0.000196
 -0.98052831  -0.05442632   0.18868494   0.000158
 -0.61343775  -0.75548118   0.23009197   0.000183
 -0.30928198  -0.65911162  -0.68550458   0.000499
  0.52396164   0.59353665   0.61088334   0.000474
 -0.41534135  -0.58235081   0.69882694   0.000322
  0.63517203  -0.67780119  -0.37032693   0.000447
  0.08562104  -0.41930223   0.90380013   0.000215
  0.19302729  -0.96470365  -0.17912936   0.000199
 -0.50124741   0.66073158   0.55873501   0.000279
  0.36579460  -0.02752906   0.93028838   0.000148
  0.31116582  -0.92994378   0.19590917   0.000669
  0.98861995   0.10563259  -0.10710907   0.000276
 -0.72088989   0.62716545   0.29492586   0.000182
 -0.76041807   0.42774384   0.48867123   0.000208
 -0.03246771  -0.66904837  -0.74250934   0.000295
 -0.66893642  -0.36918433  -0.64515656   0.000399
 -0.31188513   0.80500288   0.50467616   0.000160
 -0.99873984  -0.01019119  -0.04914134   0.000264
 -0.43609318  -0.64435446   0.62819588   0.000289
 -0.72932892  -0.34695745  -0.58966079   0.000159
 -0.43646586  -0.89339864   0.10647261   0.000394
  0.00849129  -0.95119501  -0.30847360   0.000388
  0.77568080  -0.63099728   0.01271692   0.000379
  0.55163946  -0.21772686  -0.80516391   0.000390
 -0.57515872   0.52739648  -0.62533623   0.000314
  0.70077317   0.03062040   0.71272670   0.000437
  0.88293919   0.40782100  -0.23259496   0.000226
 -0.57031554   0.72601192  -0.38424846   0.000156
 -0.19546335  -0.59406124  -0.78031104   0.000177
  0.34548856   0.41950378   0.83943685   0.000320
 -0.45505039   0.79355403  -0.40398163   0.000367
  0.82890284   0.43627104   0.35012521   0.000186
  0.01462196  -0.79890172  -0.60128383   0.000210
  0.93929246   0.09927185   0.32844294   0.000281
  0.53062651  -0.83045345   0.16965428   0.000411
  0.57471671  -0.12217058  -0.80918172   0.000254
  0.78302368   0.35794188  -0.50867625   0.000255
  0.25963742  -0.96163163   0.08861729   0.000276
  0.90033010  -0.39579339  -0.18097874   0.000163
 -0.93470175  -0.15728456  -0.31873847   0.000185
 -0.39275027   0.91882129   0.03891860   0.000284
  0.80097424   0.52338366   0.29070571   0.000160
 -0.15502417  -0.18588689   0.97026469   0.000401
  0.67616524   0.68731771   0.26532045   0.000160
  0.25333011  -0.44201364   0.86049277   0.000463
 -0.81070968  -0.31587127   0.49292511   0.000578
  0.28343552   0.23139074   0.93065710   0.000479
  0.10228151   0.96687605   0.23385722   0.000447
 -0.67453140  -0.20436926   0.70939453   0.000179
 -0.97134910   0.17213638   0.16385970   0.000307
 -0.98817933  -0.05806049  -0.14188232   0.000179
  0.76904635   0.61014745  -0.19049358   0.000198
  0.04716625  -0.98976086  -0.13471746   0.000473
  0.57432141  -0.30860547  -0.75823320   0.000183
  0.11400833  -0.98428514  -0.13485125   0.000165
 -0.30359040  -0.84505556  -0.44012949   0.000248
 -0.97471526   0.17972176   0.13277895   0.000686
  0.69229884   0.67179696  -0.26345997   0.000166
 -0.48488213  -0.61216330  -0.62461622   0.000213
 -0.35237251  -0.12494077   0.92748230   0.000169
 -0.58963417   0.69921608   0.40426280   0.000270
  0.05658080  -0.89572129  -0.44100112   0.000195
  0.22251000  -0.96523163  -0.13717579   0.000336
  0.44498443  -0.11804636   0.88772401   0.000461
 -0.16404354   0.45427730   0.87562655   0.000169
 -0.50905789  -0.84015275   0.18709200   0.000180
 -0.25566955   0.46563542  -0.84724066   0.000461
 -0.20214670   0.84527229  -0.49462255   0.000283
 -0.51895179  -0.71687674  -0.46559293   0.000265
  0.69454378   0.02126265   0.71913617   0.000210
  0.73567240   0.56569930   0.37251903   0.000684
 -0.14598303  -0.06272588   0.98729652   0.000180
  0.63139169  -0.63720002  -0.44195098   0.000151
 -0.14657631  -0.69836762  -0.70056981   0.000337
  0.06119045   0.95847715  -0.27852698   0.000559
  0.67894002  -0.63209997  -0.37348370   0.000474
  0.45621253  -0.53088628  -0.71416377   0.000206
  0.68455685   0.62854333   0.36920889   0.000186
  0.54278754  -0.64300765  -0.54029886   0.000621
 -0.08972055  -0.55844283   0.82467680   0.000238
  0.37438925   0.22690372  -0.89908142   0.000161
  0.00848830   0.43967204   0.89811828   0.000293
  0.55799108   0.81939357  -0.13130169   0.000532
  0.81678510  -0.48755117  -0.30847360   0.000202
 -0.70562125  -0.69552654   0.13543075   0.000184
  0.19289012   0.06498628   0.97906598   0.000171
 -0.52977768   0.05578100  -0.84630024   0.000167
  0.38271312   0.78187916  -0.49213377   0.000276
 -0.06205038  -0.32185339   0.94475401   0.000296
  0.89386891   0.22771600  -0.38619139   0.000181
  0.12000665  -0.95845119   0.25878507   0.000378
 -0.29628209   0.33198006  -0.89554797   0.000568
 -0.44376331  -0.83260514   0.33142541   0.000276
 -0.34820600   0.92130277   0.17307160   0.000234
 -0.08098692   0.98134582  -0.17436024   0.000187
  0.92608599  -0.17063229  -0.33652543   0.000271
 -0.43501846   0.85707165   0.27602017   0.000174
 -0.38148312  -0.68237019   0.62357161   0.000265
 -0.77775317  -0.41014508  -0.47632030   0.000869
  0.37556416  -0.44032918  -0.81551320   0.000467
  0.62873812  -0.46804735   0.62098314   0.000321
 -0.90330350   0.42716243  -0.03968674   0.000309
 -0.75457219  -0.64455957   0.12314121   0.000151
  0.76237698   0.64068053   0.09115812   0.000200
 -0.42225319  -0.26139933   0.86797041   0.000218
  0.13756130   0.80193694   0.58135533   0.000237
 -0.83728469  -0.52374346   0.15699406   0.000292
  0.29332881  -0.26925890   0.91731012   0.000173
  0.84706224  -0.08627833  -0.52444410   0.000201
 -0.73986803   0.61368423  -0.27565732   0.000183
  0.15271054  -0.57525104  -0.80359550   0.000164
 -0.59018234  -0.65254746  -0.47525426   0.000241
  0.35957047  -0.29755314   0.88440443   0.000699
 -0.17208831  -0.95902010  -0.22509122   0.000171
  0.62557981   0.65130201   0.42948294   0.000379
 -0.48154347  -0.07279049   0.87339420   0.000201
 -0.21729767  -0.25882212   0.94116568   0.000284
 -0.06450348  -0.96733088  -0.24517397   0.000455
  0.56563497  -0.75666170   0.32790266   0.000540
 -0.11762229  -0.36361404   0.92409406   0.000150
  0.25059080  -0.48989200   0.83499107   0.000600
