360
-1.1897456151420462E+00 -3.1956031109671748E+00  2.6347265695933259E-01
 9.2588166667841310E-03 -3.3407501779721439E-03 1.2995964587570522E-03
0
0.0
-1.1897456151420462E+00 -3.1956031109671748E+00  2.6347265695933259E-01
 9.1675294181086317E-03 -3.3114423492391827E-03 1.2929898143910492E-03
0
0.0
-1.1897456151420462E+00 -3.1956031109671748E+00  2.6347265695933259E-01
 9.1318498128688912E-03 -3.2649616581234158E-03 1.3305324452907153E-03
0
0.0
-1.1897456151420462E+00 -3.1956031109671748E+00  2.6347265695933259E-01
 9.1807269452092687E-03 -3.3825484063387066E-03 1.3004253108109417E-03
0
0.0
-1.1897456151420462E+00 -3.1956031109671748E+00  2.6347265695933259E-01
 9.3738455227203865E-03 -3.3651079370834967E-03 1.3935610329317942E-03
0
0.0
-1.1897456151420462E+00 -3.1956031109671748E+00  2.6347265695933259E-01
 9.2469863195039671E-03 -3.3498246391385363E-03 1.2918722716361631E-03
0
0.0
-1.1897456151420462E+00 -3.1956031109671748E+00  2.6347265695933259E-01
 9.3695266417835616E-03 -3.3833037997132594E-03 1.3121917161216887E-03
0
0.0
-1.1897456151420462E+00 -3.1956031109671748E+00  2.6347265695933259E-01
 9.2605635611482575E-03 -3.3338107732163828E-03 1.3116196009053281E-03
0
0.0
-1.1897456151420462E+00 -3.1956031109671748E+00  2.6347265695933259E-01
 9.2392673787131813E-03 -3.4104781993155573E-03 1.2858877862368392E-03
0
0.0
-1.1897456151420462E+00 -3.1956031109671748E+00  2.6347265695933259E-01
 9.2916175276852135E-03 -3.3800399623793525E-03 1.3380393618452888E-03
0
0.0
-1.1897456151420462E+00 -3.1956031109671748E+00  2.6347265695933259E-01
 9.2944626299413455E-03 -3.5052306681833635E-03 1.3241617358592278E-03
0
0.0
-1.1897456151420462E+00 -3.1956031109671748E+00  2.6347265695933259E-01
 9.3204231474426948E-03 -3.2446932853196059E-03 1.3004151235791051E-03
0
0.0
-1.1897456151420462E+00 -3.1956031109671748E+00  2.6347265695933259E-01
 9.1904022907587975E-03 -3.3835918632677724E-03 1.3500626972186268E-03
0
0.0
-1.1897456151420462E+00 -3.1956031109671748E+00  2.6347265695933259E-01
 9.2317384112972321E-03 -3.2252049681733988E-03 1.3294862450053367E-03
0
0.0
-1.1897456151420462E+00 -3.1956031109671748E+00  2.6347265695933259E-01
 9.1072873835562410E-03 -3.4038585658703389E-03 1.4323497131664004E-03
0
0.0
-1.1897456151420462E+00 -3.1956031109671748E+00  2.6347265695933259E-01
 9.2487607056114876E-03 -3.4479634931646459E-03 1.2573539457498173E-03
0
0.0
-1.1897456151420462E+00 -3.1956031109671748E+00  2.6347265695933259E-01
 9.2108565397331435E-03 -3.3513094272650118E-03 1.3016021352730488E-03
0
0.0
-1.1897456151420462E+00 -3.1956031109671748E+00  2.6347265695933259E-01
 9.1953809858165061E-03 -3.4940409545834677E-03 1.3823028487413751E-03
0
0.0
-1.1897456151420462E+00 -3.1956031109671748E+00  2.6347265695933259E-01
 9.3248859760528182E-03 -3.2795793714309280E-03 1.3341661917400454E-03
0
0.0
-1.1897456151420462E+00 -3.1956031109671748E+00  2.6347265695933259E-01
 9.3489368612260301E-03 -3.3452188758116945E-03 1.2153184137075328E-03
0
0.0
-1.1897456151420462E+00 -3.1956031109671748E+00  2.6347265695933259E-01
 9.2297584997918531E-03 -3.2175599579262718E-03 1.3216653035223755E-03
0
0.0
-1.1897456151420462E+00 -3.1956031109671748E+00  2.6347265695933259E-01
 9.1999741907506389E-03 -3.3959694963568848E-03 1.3510624348261181E-03
0
0.0
-1.1897456151420462E+00 -3.1956031109671748E+00  2.6347265695933259E-01
 9.2253051310047362E-03 -3.3386128770756321E-03 1.3111520375183275E-03
0
0.0
-1.1897456151420462E+00 -3.1956031109671748E+00  2.6347265695933259E-01
 9.2406156625505099E-03 -3.3135318307877274E-03 1.2736286536898867E-03
0
0.0
-1.1897456151420462E+00 -3.1956031109671748E+00  2.6347265695933259E-01
 9.2949352075642130E-03 -3.3482734905815833E-03 1.2985224112853654E-03
0
0.0
-1.1897456151420462E+00 -3.1956031109671748E+00  2.6347265695933259E-01
 9.2459893819225123E-03 -3.3521636807048449E-03 1.2748359444046387E-03
0
0.0
-1.1897456151420462E+00 -3.1956031109671748E+00  2.6347265695933259E-01
 9.2731047381896595E-03 -3.3635320863271484E-03 1.2784246335959151E-03
0
0.0
-1.1897456151420462E+00 -3.1956031109671748E+00  2.6347265695933259E-01
 9.3043144483528836E-03 -3.4341393576679388E-03 1.2830964012345407E-03
0
0.0
-1.1897456151420462E+00 -3.1956031109671748E+00  2.6347265695933259E-01
 9.2895061494089413E-03 -3.3548752728056455E-03 1.4013337784751394E-03
0
0.0
-1.1897456151420462E+00 -3.1956031109671748E+00  2.6347265695933259E-01
 9.3069911753900659E-03 -3.3740223388734562E-03 1.4162287298647488E-03
0
0.0
-1.1897456151420462E+00 -3.1956031109671748E+00  2.6347265695933259E-01
 9.2261777444398816E-03 -3.3295888361397209E-03 1.3036361721027432E-03
0
0.0
-1.1897456151420462E+00 -3.1956031109671748E+00  2.6347265695933259E-01
 9.3920105102822705E-03 -3.2692246899661743E-03 1.1400701875999896E-03
0
0.0
-1.1897456151420462E+00 -3.1956031109671748E+00  2.6347265695933259E-01
 9.3378393804008537E-03 -3.3524297438846350E-03 1.2723490306151162E-03
0
0.0
-1.1897456151420462E+00 -3.1956031109671748E+00  2.6347265695933259E-01
 9.0982794178982983E-03 -3.3456329694012583E-03 1.2767852190867222E-03
0
0.0
-1.1897456151420462E+00 -3.1956031109671748E+00  2.6347265695933259E-01
 9.2544442474849706E-03 -3.3552114289976454E-03 1.2849808262162944E-03
0
0.0
-1.1897456151420462E+00 -3.1956031109671748E+00  2.6347265695933259E-01
 9.2748421305227768E-03 -3.3336021777307422E-03 1.3461940906432412E-03
0
0.0
-1.1897456151420462E+00 -3.1956031109671748E+00  2.6347265695933259E-01
 9.2188368307648400E-03 -3.3635888132571307E-03 1.3019012477001146E-03
0
0.0
-1.1897456151420462E+00 -3.1956031109671748E+00  2.6347265695933259E-01
 9.2163310105886388E-03 -3.3620860963943524E-03 1.3108894974104414E-03
0
0.0
-1.1897456151420462E+00 -3.1956031109671748E+00  2.6347265695933259E-01
 9.2396330005381413E-03 -3.3353637375385620E-03 1.3127856800315937E-03
0
0.0
-1.1897456151420462E+00 -3.1956031109671748E+00  2.6347265695933259E-01
 9.1406640955058894E-03 -3.4061337719157544E-03 1.1471627521225437E-03
0
0.0
-1.1897456151420462E+00 -3.1956031109671748E+00  2.6347265695933259E-01
 9.2708040820260167E-03 -3.3993920878112567E-03 1.3412823597631887E-03
0
0.0
-1.1897456151420462E+00 -3.1956031109671748E+00  2.6347265695933259E-01
 9.2571709979383156E-03 -3.3367967504995422E-03 1.3006531453626682E-03
0
0.0
-1.1897456151420462E+00 -3.1956031109671748E+00  2.6347265695933259E-01
 9.2784936907090946E-03 -3.3022135744927559E-03 1.3232931488829226E-03
0
0.0
-1.1897456151420462E+00 -3.1956031109671748E+00  2.6347265695933259E-01
 9.1843473964937760E-03 -3.2901769483176056E-03 1.2648205876521752E-03
0
0.0
-1.1897456151420462E+00 -3.1956031109671748E+00  2.6347265695933259E-01
 9.2606078156319861E-03 -3.3941379067949674E-03 1.3176349576226245E-03
0
0.0
-1.1897456151420462E+00 -3.1956031109671748E+00  2.6347265695933259E-01
 9.2465955493615682E-03 -3.2445994298087736E-03 1.2881626382506691E-03
0
0.0
-1.1897456151420462E+00 -3.1956031109671748E+00  2.6347265695933259E-01
 9.3305876850434486E-03 -3.3847805432700990E-03 1.2944373510264241E-03
0
0.0
-1.1897456151420462E+00 -3.1956031109671748E+00  2.6347265695933259E-01
 9.2882220921833899E-03 -3.3531021335163375E-03 1.3303628476490767E-03
0
0.0
-1.1897456151420462E+00 -3.1956031109671748E+00  2.6347265695933259E-01
 9.2175881201843630E-03 -3.2123029467102191E-03 1.3871910159297522E-03
0
0.0
-1.1897456151420462E+00 -3.1956031109671748E+00  2.6347265695933259E-01
 9.2493898276582807E-03 -3.3349430833560290E-03 1.3291118415694094E-03
0
0.0
-1.1897456151420462E+00 -3.1956031109671748E+00  2.6347265695933259E-01
 9.2877118474178032E-03 -3.4723587925567546E-03 1.2134938275846325E-03
0
0.0
-1.1897456151420462E+00 -3.1956031109671748E+00  2.6347265695933259E-01
 9.1815368266844836E-03 -3.4523803820388568E-03 1.1800145010550443E-03
0
0.0
-1.1897456151420462E+00 -3.1956031109671748E+00  2.6347265695933259E-01
 9.3136638590359047E-03 -3.4110986551853201E-03 1.3675203797847441E-03
0
0.0
-1.1897456151420462E+00 -3.1956031109671748E+00  2.6347265695933259E-01
 9.3000175615261284E-03 -3.3481678965505040E-03 1.3258303618556024E-03
0
0.0
-1.1897456151420462E+00 -3.1956031109671748E+00  2.6347265695933259E-01
 9.3669469732753172E-03 -3.2497896393034460E-03 1.2195394584311554E-03
0
0.0
-1.1897456151420462E+00 -3.1956031109671748E+00  2.6347265695933259E-01
 9.2229749967857964E-03 -3.2705416681645060E-03 1.2545430360456002E-03
0
0.0
-1.1897456151420462E+00 -3.1956031109671748E+00  2.6347265695933259E-01
 9.2352721391290287E-03 -3.3217094985663500E-03 1.2863616398851156E-03
0
0.0
-1.1897456151420462E+00 -3.1956031109671748E+00  2.6347265695933259E-01
 9.3259325832099668E-03 -3.4601763416261507E-03 1.2473108174696310E-03
0
0.0
-1.1897456151420462E+00 -3.1956031109671748E+00  2.6347265695933259E-01
 9.3594713790462296E-03 -3.2972103603543575E-03 1.3073415681512915E-03
0
0.0
-1.1897456151420462E+00 -3.1956031109671748E+00  2.6347265695933259E-01
 9.2406014919879445E-03 -3.3318268803473076E-03 1.2877684446169148E-03
0
0.0
-1.1897456151420462E+00 -3.1956031109671748E+00  2.6347265695933259E-01
 9.2255044318771302E-03 -3.4415687244962094E-03 1.3571586626602928E-03
0
0.0
-1.1897456151420462E+00 -3.1956031109671748E+00  2.6347265695933259E-01
 9.2168295616344986E-03 -3.4190902844772261E-03 1.2728095829949177E-03
0
0.0
-1.1897456151420462E+00 -3.1956031109671748E+00  2.6347265695933259E-01
 9.2635160593658571E-03 -3.2668243582379391E-03 1.2939940122120913E-03
0
0.0
-1.1897456151420462E+00 -3.1956031109671748E+00  2.6347265695933259E-01
 9.2111445497128769E-03 -3.3296159508759610E-03 1.3398001349434591E-03
0
0.0
-1.1897456151420462E+00 -3.1956031109671748E+00  2.6347265695933259E-01
 9.2411504667661154E-03 -3.3609865069258982E-03 1.3033970173377540E-03
0
0.0
-1.1897456151420462E+00 -3.1956031109671748E+00  2.6347265695933259E-01
 9.1058429096391880E-03 -3.2302384934328305E-03 1.3039412138064442E-03
0
0.0
-1.1897456151420462E+00 -3.1956031109671748E+00  2.6347265695933259E-01
 9.2799327744205809E-03 -3.3681196880437506E-03 1.3145769873434232E-03
0
0.0
-1.1897456151420462E+00 -3.1956031109671748E+00  2.6347265695933259E-01
 9.1764757982288510E-03 -3.3917381185481379E-03 1.3353401110826350E-03
0
0.0
-1.1897456151420462E+00 -3.1956031109671748E+00  2.6347265695933259E-01
 9.3575571991451056E-03 -3.2087303990702997E-03 1.2488381109665451E-03
0
0.0
-1.1897456151420462E+00 -3.1956031109671748E+00  2.6347265695933259E-01
 9.2709666265982267E-03 -3.3566373334022086E-03 1.3128243765592824E-03
0
0.0
-1.1897456151420462E+00 -3.1956031109671748E+00  2.6347265695933259E-01
 9.2983653825144726E-03 -3.3220447241335323E-03 1.2756795184125408E-03
0
0.0
-1.1897456151420462E+00 -3.1956031109671748E+00  2.6347265695933259E-01
 9.3221743971900889E-03 -3.3433188687080756E-03 1.3115254304977193E-03
0
0.0
-1.1897456151420462E+00 -3.1956031109671748E+00  2.6347265695933259E-01
 9.1391435280945045E-03 -3.3457088282268003E-03 1.2987902172078957E-03
0
0.0
-1.1897456151420462E+00 -3.1956031109671748E+00  2.6347265695933259E-01
 9.3907440181421487E-03 -3.3205219359459799E-03 1.2981081498124316E-03
0
0.0
-1.1897456151420462E+00 -3.1956031109671748E+00  2.6347265695933259E-01
 9.2628219960183625E-03 -3.3171720693348644E-03 1.3359265495877131E-03
0
0.0
-1.1897456151420462E+00 -3.1956031109671748E+00  2.6347265695933259E-01
 9.2534327475688842E-03 -3.3387711509828511E-03 1.2820478103633493E-03
0
0.0
-1.1897456151420462E+00 -3.1956031109671748E+00  2.6347265695933259E-01
 9.2393775508549016E-03 -3.2694364482297065E-03 1.2139671238937499E-03
0
0.0
-1.1897456151420462E+00 -3.1956031109671748E+00  2.6347265695933259E-01
 9.2704253871657115E-03 -3.2960125857666050E-03 1.4104764656802937E-03
0
0.0
-1.1897456151420462E+00 -3.1956031109671748E+00  2.6347265695933259E-01
 9.2537474882809362E-03 -3.3365877055827231E-03 1.2978735304411480E-03
0
0.0
-1.1897456151420462E+00 -3.1956031109671748E+00  2.6347265695933259E-01
 9.3680139855289810E-03 -3.4131647671407353E-03 1.1825125485002597E-03
0
0.0
-1.1897456151420462E+00 -3.1956031109671748E+00  2.6347265695933259E-01
 9.1885957561812833E-03 -3.2698742037505597E-03 1.2523755580557433E-03
0
0.0
-1.1897456151420462E+00 -3.1956031109671748E+00  2.6347265695933259E-01
 9.2198705908720299E-03 -3.1936941896263168E-03 1.2540212845484847E-03
0
0.0
-1.1897456151420462E+00 -3.1956031109671748E+00  2.6347265695933259E-01
 9.2549449437849922E-03 -3.3978968337058297E-03 1.4791794497541551E-03
0
0.0
-1.1897456151420462E+00 -3.1956031109671748E+00  2.6347265695933259E-01
 9.2042097016037626E-03 -3.4411814036746052E-03 1.3565571240015182E-03
0
0.0
-1.1897456151420462E+00 -3.1956031109671748E+00  2.6347265695933259E-01
 9.2672965687908750E-03 -3.3847081461291294E-03 1.2811681806090120E-03
0
0.0
-1.1897456151420462E+00 -3.1956031109671748E+00  2.6347265695933259E-01
 9.2539044585125737E-03 -3.2268148536448546E-03 1.2939662756376823E-03
0
0.0
-1.1897456151420462E+00 -3.1956031109671748E+00  2.6347265695933259E-01
 9.2126083057305127E-03 -3.3396605772201019E-03 1.3232751508166368E-03
0
0.0
-1.1897456151420462E+00 -3.1956031109671748E+00  2.6347265695933259E-01
 9.2099313180486093E-03 -3.3214356762949972E-03 1.2872758955521334E-03
0
0.0
-1.1897456151420462E+00 -3.1956031109671748E+00  2.6347265695933259E-01
 9.2417108657928959E-03 -3.3465705287652882E-03 1.2805394451209846E-03
0
0.0
-1.1897456151420462E+00 -3.1956031109671748E+00  2.6347265695933259E-01
 9.2496948536207133E-03 -3.3401710840777806E-03 1.2722171321389983E-03
0
0.0
-1.1897456151420462E+00 -3.1956031109671748E+00  2.6347265695933259E-01
 9.2094517738978143E-03 -3.2697647638113780E-03 1.2931357247744487E-03
0
0.0
-1.1897456151420462E+00 -3.1956031109671748E+00  2.6347265695933259E-01
 9.3063350560010100E-03 -3.4552542380065941E-03 1.3855560454095735E-03
0
0.0
-1.1897456151420462E+00 -3.1956031109671748E+00  2.6347265695933259E-01
 9.3768472647932401E-03 -3.2074414939524498E-03 1.2895666946744668E-03
0
0.0
-1.1897456151420462E+00 -3.1956031109671748E+00  2.6347265695933259E-01
 9.3457385507475683E-03 -3.3824072566935827E-03 1.3484396083516699E-03
0
0.0
-1.1897456151420462E+00 -3.1956031109671748E+00  2.6347265695933259E-01
 9.2301119330544107E-03 -3.3934226967866719E-03 1.4981692420731765E-03
0
0.0
-1.1897456151420462E+00 -3.1956031109671748E+00  2.6347265695933259E-01
 9.2717159990777197E-03 -3.3401084556373261E-03 1.2917758467729957E-03
0
0.0
-1.1897456151420462E+00 -3.1956031109671748E+00  2.6347265695933259E-01
 9.1435970122026762E-03 -3.4549323737196581E-03 1.1924231217908768E-03
0
0.0
-1.1897456151420462E+00 -3.1956031109671748E+00  2.6347265695933259E-01
 9.2928179423388338E-03 -3.3264495356632932E-03 1.2969326669158075E-03
0
0.0
-1.1897456151420462E+00 -3.1956031109671748E+00  2.6347265695933259E-01
 9.2704958982836490E-03 -3.3308569449089324E-03 1.2754234327158167E-03
0
0.0
-1.1897456151420462E+00 -3.1956031109671748E+00  2.6347265695933259E-01
 9.2299135473057382E-03 -3.4247780101823661E-03 1.2003063320566451E-03
0
0.0
-1.1897456151420462E+00 -3.1956031109671748E+00  2.6347265695933259E-01
 9.2852038793141498E-03 -3.3044042965245878E-03 1.2131785615695355E-03
0
0.0
-1.1897456151420462E+00 -3.1956031109671748E+00  2.6347265695933259E-01
 9.2402826651129411E-03 -3.3258874144145778E-03 1.3044592515547198E-03
0
0.0
-1.1897456151420462E+00 -3.1956031109671748E+00  2.6347265695933259E-01
 9.2626746850095476E-03 -3.3234094216276085E-03 1.2937124373570410E-03
0
0.0
-1.1897456151420462E+00 -3.1956031109671748E+00  2.6347265695933259E-01
 9.3180858315374780E-03 -3.1779899343073298E-03 1.3653658988808611E-03
0
0.0
-1.1897456151420462E+00 -3.1956031109671748E+00  2.6347265695933259E-01
 9.3051710944440282E-03 -3.2824956355800923E-03 1.3753533580141274E-03
0
0.0
-1.1897456151420462E+00 -3.1956031109671748E+00  2.6347265695933259E-01
 9.1835766580436740E-03 -3.3399814397917092E-03 1.4093955854256621E-03
0
0.0
-1.1897456151420462E+00 -3.1956031109671748E+00  2.6347265695933259E-01
 9.2686780559117256E-03 -3.2596202145155229E-03 1.2817716715270975E-03
0
0.0
-1.1897456151420462E+00 -3.1956031109671748E+00  2.6347265695933259E-01
 9.2664037833427113E-03 -3.3279837300906668E-03 1.3267685749200526E-03
0
0.0
-1.1897456151420462E+00 -3.1956031109671748E+00  2.6347265695933259E-01
 9.2873375722951242E-03 -3.3671017645106002E-03 1.3070514361848795E-03
0
0.0
-1.1897456151420462E+00 -3.1956031109671748E+00  2.6347265695933259E-01
 9.3129307733982557E-03 -3.3258727457651776E-03 1.3042071162041448E-03
0
0.0
-1.1897456151420462E+00 -3.1956031109671748E+00  2.6347265695933259E-01
 9.2130185422147261E-03 -3.3362379649190610E-03 1.3103430512152474E-03
0
0.0
-1.1897456151420462E+00 -3.1956031109671748E+00  2.6347265695933259E-01
 9.2516726857453414E-03 -3.3823786056170206E-03 1.3329150794430301E-03
0
0.0
-1.1897456151420462E+00 -3.1956031109671748E+00  2.6347265695933259E-01
 9.4311765105676241E-03 -3.2993608585051319E-03 1.4249325364677485E-03
0
0.0
-1.1897456151420462E+00 -3.1956031109671748E+00  2.6347265695933259E-01
 9.1909041156780225E-03 -3.3448280806010122E-03 1.2468949059081579E-03
0
0.0
-1.1897456151420462E+00 -3.1956031109671748E+00  2.6347265695933259E-01
 9.2608216327023721E-03 -3.2858914493505615E-03 1.3389872211634084E-03
0
0.0
-1.1897456151420462E+00 -3.1956031109671748E+00  2.6347265695933259E-01
 9.3576249236635642E-03 -3.3711132331557202E-03 1.2508882772010262E-03
0
0.0
-1.1897456151420462E+00 -3.1956031109671748E+00  2.6347265695933259E-01
 9.1829696268962407E-03 -3.3046814073725826E-03 1.3529141376709512E-03
0
0.0
-1.1897456151420462E+00 -3.1956031109671748E+00  2.6347265695933259E-01
 9.1784201415935959E-03 -3.4682079372849025E-03 1.1697026663762880E-03
0
0.0
-1.1897456151420462E+00 -3.1956031109671748E+00  2.6347265695933259E-01
 9.2470376884563645E-03 -3.2913418171308961E-03 1.3035072861248989E-03
0
0.0
-1.1897456151420462E+00 -3.1956031109671748E+00  2.6347265695933259E-01
 9.3137772477566456E-03 -3.4920195348062725E-03 1.2845931508689841E-03
0
0.0
-1.1897456151420462E+00 -3.1956031109671748E+00  2.6347265695933259E-01
 9.1984598343861548E-03 -3.3095859140364310E-03 1.3406724543648632E-03
0
0.0
-1.1897456151420462E+00 -3.1956031109671748E+00  2.6347265695933259E-01
 9.2569970632679563E-03 -3.3696001369369613E-03 1.2659591998443929E-03
0
0.0
-1.1897456151420462E+00 -3.1956031109671748E+00  2.6347265695933259E-01
 9.2327145376505052E-03 -3.3285444119738015E-03 1.3359045428333501E-03
0
0.0
-1.1897456151420462E+00 -3.1956031109671748E+00  2.6347265695933259E-01
 9.2575251656578615E-03 -3.3361087588190132E-03 1.3033134734276466E-03
0
0.0
-1.1897456151420462E+00 -3.1956031109671748E+00  2.6347265695933259E-01
 9.2840972891187739E-03 -3.2662637977257246E-03 1.2131346066443279E-03
0
0.0
-1.1897456151420462E+00 -3.1956031109671748E+00  2.6347265695933259E-01
 9.3514348261930624E-03 -3.3380641465163945E-03 1.2190537404084270E-03
0
0.0
-1.1897456151420462E+00 -3.1956031109671748E+00  2.6347265695933259E-01
 9.2685955226879130E-03 -3.3547072043984610E-03 1.2691011887833513E-03
0
0.0
-1.1897456151420462E+00 -3.1956031109671748E+00  2.6347265695933259E-01
 9.2513733888690067E-03 -3.3319941949053336E-03 1.2964147806258004E-03
0
0.0
-1.1897456151420462E+00 -3.1956031109671748E+00  2.6347265695933259E-01
 9.2525490270831106E-03 -3.3357546658712199E-03 1.2984293167299318E-03
0
0.0
-1.1897456151420462E+00 -3.1956031109671748E+00  2.6347265695933259E-01
 9.2725755961602496E-03 -3.3571129053508553E-03 1.2925537938782165E-03
0
0.0
-1.1897456151420462E+00 -3.1956031109671748E+00  2.6347265695933259E-01
 9.2336411481758526E-03 -3.4139199679159103E-03 1.3812190477874202E-03
0
0.0
-1.1897456151420462E+00 -3.1956031109671748E+00  2.6347265695933259E-01
 9.1966639654974692E-03 -3.2920636684420574E-03 1.3380403464522375E-03
0
0.0
-1.1897456151420462E+00 -3.1956031109671748E+00  2.6347265695933259E-01
 9.2681567240899439E-03 -3.3827874529024182E-03 1.3273053064020318E-03
0
0.0
-1.1897456151420462E+00 -3.1956031109671748E+00  2.6347265695933259E-01
 9.1974205058988484E-03 -3.3287170111660218E-03 1.2830732113509082E-03
0
0.0
-1.1897456151420462E+00 -3.1956031109671748E+00  2.6347265695933259E-01
 9.2795135722922271E-03 -3.2203285821727043E-03 1.2822656083410708E-03
0
0.0
-1.1897456151420462E+00 -3.1956031109671748E+00  2.6347265695933259E-01
 9.1678803478079714E-03 -3.4071399408564626E-03 1.2674727765331535E-03
0
0.0
-1.1897456151420462E+00 -3.1956031109671748E+00  2.6347265695933259E-01
 9.1625382029658798E-03 -3.4336043604306730E-03 1.3444915508503590E-03
0
0.0
-1.1897456151420462E+00 -3.1956031109671748E+00  2.6347265695933259E-01
 9.3039191629770250E-03 -3.3151529997388681E-03 1.3114474071206706E-03
0
0.0
-1.1897456151420462E+00 -3.1956031109671748E+00  2.6347265695933259E-01
 9.2815329720395672E-03 -3.3447791877334455E-03 1.2995481546008967E-03
0
0.0
-1.1897456151420462E+00 -3.1956031109671748E+00  2.6347265695933259E-01
 9.3365638489272765E-03 -3.2970069842674309E-03 1.1943625662918880E-03
0
0.0
-1.1897456151420462E+00 -3.1956031109671748E+00  2.6347265695933259E-01
 9.2947266466791231E-03 -3.3281497565170455E-03 1.3267959770242839E-03
0
0.0
-1.1897456151420462E+00 -3.1956031109671748E+00  2.6347265695933259E-01
 9.1773914220114206E-03 -3.4774788931974327E-03 1.3313995533599363E-03
0
0.0
-1.1897456151420462E+00 -3.1956031109671748E+00  2.6347265695933259E-01
 9.2397658443170577E-03 -3.3698857545960631E-03 1.2374527396751792E-03
0
0.0
-1.1897456151420462E+00 -3.1956031109671748E+00  2.6347265695933259E-01
 9.1037975756152033E-03 -3.3423511885658018E-03 1.2560787041704660E-03
0
0.0
-1.1897456151420462E+00 -3.1956031109671748E+00  2.6347265695933259E-01
 9.2498185966855238E-03 -3.2535383785931523E-03 1.2929295228307140E-03
0
0.0
-1.1897456151420462E+00 -3.1956031109671748E+00  2.6347265695933259E-01
 9.1253817296009978E-03 -3.3309150512612191E-03 1.4310440340736114E-03
0
0.0
-1.1897456151420462E+00 -3.1956031109671748E+00  2.6347265695933259E-01
 9.2789100603681198E-03 -3.3431574180254903E-03 1.3140864648713900E-03
0
0.0
-1.1897456151420462E+00 -3.1956031109671748E+00  2.6347265695933259E-01
 9.2738816539903925E-03 -3.3268983203325843E-03 1.3030690051481475E-03
0
0.0
-1.1897456151420462E+00 -3.1956031109671748E+00  2.6347265695933259E-01
 9.3033531595717624E-03 -3.2367403240895526E-03 1.1142771964547642E-03
0
0.0
-1.1897456151420462E+00 -3.1956031109671748E+00  2.6347265695933259E-01
 9.2475501766435698E-03 -3.3285156232838028E-03 1.3021985318880044E-03
0
0.0
-1.1897456151420462E+00 -3.1956031109671748E+00  2.6347265695933259E-01
 9.2024978474077139E-03 -3.3021615877564464E-03 1.2926068711104381E-03
0
0.0
-1.1897456151420462E+00 -3.1956031109671748E+00  2.6347265695933259E-01
 9.1816104221852900E-03 -3.3932051870685909E-03 1.2091478621675529E-03
0
0.0
-1.1897456151420462E+00 -3.1956031109671748E+00  2.6347265695933259E-01
 9.2521899242145409E-03 -3.3938672624142094E-03 1.3699377687568487E-03
0
0.0
-1.1897456151420462E+00 -3.1956031109671748E+00  2.6347265695933259E-01
 9.4472566013304414E-03 -3.3031393899850894E-03 1.3665231156506515E-03
0
0.0
-1.1897456151420462E+00 -3.1956031109671748E+00  2.6347265695933259E-01
 9.2691484902181556E-03 -3.3265258062529840E-03 1.3189162176264187E-03
0
0.0
-1.1897456151420462E+00 -3.1956031109671748E+00  2.6347265695933259E-01
 9.1927973829565232E-03 -3.2931788262783551E-03 1.3192865582634427E-03
0
0.0
-1.1897456151420462E+00 -3.1956031109671748E+00  2.6347265695933259E-01
 9.1083557690601006E-03 -3.1912996088877539E-03 1.2612767975294762E-03
0
0.0
-1.1897456151420462E+00 -3.1956031109671748E+00  2.6347265695933259E-01
 9.2264224589008615E-03 -3.3772060124221191E-03 1.3690615966246824E-03
0
0.0
-1.1897456151420462E+00 -3.1956031109671748E+00  2.6347265695933259E-01
 9.2941652608739718E-03 -3.2824844253785419E-03 1.2521781509400763E-03
0
0.0
-1.1897456151420462E+00 -3.1956031109671748E+00  2.6347265695933259E-01
 9.2739697886174491E-03 -3.3706710135460302E-03 1.2956201832903962E-03
0
0.0
-1.1897456151420462E+00 -3.1956031109671748E+00  2.6347265695933259E-01
 9.2666160612436491E-03 -3.3285774027060015E-03 1.3425812148349983E-03
0
0.0
-1.1897456151420462E+00 -3.1956031109671748E+00  2.6347265695933259E-01
 9.1953385875248334E-03 -3.4739752129652000E-03 1.3757910456977649E-03
0
0.0
-1.1897456151420462E+00 -3.1956031109671748E+00  2.6347265695933259E-01
 9.2090618029382326E-03 -3.3418658043634212E-03 1.2513222201513156E-03
0
0.0
-1.1897456151420462E+00 -3.1956031109671748E+00  2.6347265695933259E-01
 9.2717429902331502E-03 -3.3090200432336087E-03 1.3023525576975851E-03
0
0.0
-1.1897456151420462E+00 -3.1956031109671748E+00  2.6347265695933259E-01
 9.3368489905507890E-03 -3.2717970793550962E-03 1.2630960340836348E-03
0
0.0
-1.1897456151420462E+00 -3.1956031109671748E+00  2.6347265695933259E-01
 9.3732999918761523E-03 -3.3509647246924268E-03 1.3072598503913848E-03
0
0.0
-1.1897456151420462E+00 -3.1956031109671748E+00  2.6347265695933259E-01
 9.1883451303130682E-03 -3.3353509654813975E-03 1.3166294539029753E-03
0
0.0
-1.1897456151420462E+00 -3.1956031109671748E+00  2.6347265695933259E-01
 9.2026396107110879E-03 -3.2476172498266303E-03 1.3800766966953182E-03
0
0.0
-1.1897456151420462E+00 -3.1956031109671748E+00  2.6347265695933259E-01
 9.2747022431573477E-03 -3.3429195573591607E-03 1.3234446825152553E-03
0
0.0
-1.1897456151420462E+00 -3.1956031109671748E+00  2.6347265695933259E-01
 9.2906862501610735E-03 -3.3352515522234350E-03 1.2406599864869265E-03
0
0.0
-1.1897456151420462E+00 -3.1956031109671748E+00  2.6347265695933259E-01
 9.2802716699290494E-03 -3.3313769378133370E-03 1.2897061507621006E-03
0
0.0
-1.1897456151420462E+00 -3.1956031109671748E+00  2.6347265695933259E-01
 9.2382583360243256E-03 -3.3596040508289994E-03 1.2960108334782669E-03
0
0.0
-1.1897456151420462E+00 -3.1956031109671748E+00  2.6347265695933259E-01
 9.2752505498941533E-03 -3.3207493535623886E-03 1.2783735756815618E-03
0
0.0
-1.1897456151420462E+00 -3.1956031109671748E+00  2.6347265695933259E-01
 9.1816960888046265E-03 -3.3486536402193277E-03 1.3589191780610098E-03
0
0.0
-1.1897456151420462E+00 -3.1956031109671748E+00  2.6347265695933259E-01
 9.3137313804659300E-03 -3.3133999358119005E-03 1.3282225413739424E-03
0
0.0
-1.1897456151420462E+00 -3.1956031109671748E+00  2.6347265695933259E-01
 9.2582655970894091E-03 -3.3648677774206449E-03 1.2982787859714049E-03
0
0.0
-1.1897456151420462E+00 -3.1956031109671748E+00  2.6347265695933259E-01
 9.2345510597151778E-03 -3.3819646038760181E-03 1.2275708842221142E-03
0
0.0
-1.1897456151420462E+00 -3.1956031109671748E+00  2.6347265695933259E-01
 9.1822193794861198E-03 -3.3501829514955860E-03 1.3189923384827914E-03
0
0.0
-1.1897456151420462E+00 -3.1956031109671748E+00  2.6347265695933259E-01
 9.1896946338281844E-03 -3.2614368020207236E-03 1.3189689594143115E-03
0
0.0
-1.1897456151420462E+00 -3.1956031109671748E+00  2.6347265695933259E-01
 9.2217458800226883E-03 -3.3918223239478027E-03 1.2894677393701307E-03
0
0.0
-1.1897456151420462E+00 -3.1956031109671748E+00  2.6347265695933259E-01
 9.2396676998029604E-03 -3.4120617881455528E-03 1.3211269472411030E-03
0
0.0
-1.1897456151420462E+00 -3.1956031109671748E+00  2.6347265695933259E-01
 9.2308151174516750E-03 -3.2878199702563692E-03 1.3537678618711899E-03
0
0.0
-1.1897456151420462E+00 -3.1956031109671748E+00  2.6347265695933259E-01
 9.2308913829763761E-03 -3.2870671580672497E-03 1.3813480653941685E-03
0
0.0
-1.1897456151420462E+00 -3.1956031109671748E+00  2.6347265695933259E-01
 9.1479855512965440E-03 -3.4252277641004538E-03 1.3678297490554595E-03
0
0.0
-1.1897456151420462E+00 -3.1956031109671748E+00  2.6347265695933259E-01
 9.2401118334790155E-03 -3.3142884648190356E-03 1.1468110088748461E-03
0
0.0
-1.1897456151420462E+00 -3.1956031109671748E+00  2.6347265695933259E-01
 9.2710953246411525E-03 -3.3452183886281796E-03 1.3041947280450787E-03
0
0.0
-1.1897456151420462E+00 -3.1956031109671748E+00  2.6347265695933259E-01
 9.0995821465300677E-03 -3.4697853135691598E-03 1.3305749213526270E-03
0
0.0
-1.1897456151420462E+00 -3.1956031109671748E+00  2.6347265695933259E-01
 9.1574225007515254E-03 -3.3531594162331015E-03 1.3468610479832502E-03
0
0.0
-1.1897456151420462E+00 -3.1956031109671748E+00  2.6347265695933259E-01
 9.3611176840745838E-03 -3.3690155734641923E-03 1.2004282493831317E-03
0
0.0
-1.1897456151420462E+00 -3.1956031109671748E+00  2.6347265695933259E-01
 9.1997396745818628E-03 -3.3600313871378846E-03 1.2473653434272437E-03
0
0.0
-1.1897456151420462E+00 -3.1956031109671748E+00  2.6347265695933259E-01
 9.0475235383605974E-03 -3.4075180417614619E-03 1.3181206140621370E-03
0
0.0
-1.1897456151420462E+00 -3.1956031109671748E+00  2.6347265695933259E-01
 9.2502247271969047E-03 -3.3258239567373702E-03 1.2872208272456920E-03
0
0.0
-1.1897456151420462E+00 -3.1956031109671748E+00  2.6347265695933259E-01
 9.2536978143886658E-03 -3.3934949348910282E-03 1.2801788561736178E-03
0
0.0
-1.1897456151420462E+00 -3.1956031109671748E+00  2.6347265695933259E-01
 9.2451359168155556E-03 -3.3389657417314794E-03 1.3252363898144724E-03
0
0.0
-1.1897456151420462E+00 -3.1956031109671748E+00  2.6347265695933259E-01
 9.3180598384360255E-03 -3.1972614387074478E-03 1.2069797833719480E-03
0
0.0
-1.1897456151420462E+00 -3.1956031109671748E+00  2.6347265695933259E-01
 9.1938786529836506E-03 -3.2822959423058299E-03 1.2762295120761365E-03
0
0.0
-1.1897456151420462E+00 -3.1956031109671748E+00  2.6347265695933259E-01
 9.2599704743059792E-03 -3.3493189276120215E-03 1.3276542012495088E-03
0
0.0
-1.1897456151420462E+00 -3.1956031109671748E+00  2.6347265695933259E-01
 9.2847065821550223E-03 -3.2920998832754711E-03 1.2889036179774807E-03
0
0.0
-1.1897456151420462E+00 -3.1956031109671748E+00  2.6347265695933259E-01
 9.2593680742074965E-03 -3.3386672402658645E-03 1.2881557682032792E-03
0
0.0
-1.1897456151420462E+00 -3.1956031109671748E+00  2.6347265695933259E-01
 9.2755392948905297E-03 -3.2340821081551724E-03 1.3215742728536518E-03
0
0.0
-1.1897456151420462E+00 -3.1956031109671748E+00  2.6347265695933259E-01
 9.2866525622594693E-03 -3.3345833549556676E-03 1.2989556535612772E-03
0
0.0
-1.1897456151420462E+00 -3.1956031109671748E+00  2.6347265695933259E-01
 9.1270821272499570E-03 -3.2660319975553473E-03 1.2021026690750454E-03
0
0.0
-1.1897456151420462E+00 -3.1956031109671748E+00  2.6347265695933259E-01
 9.4394403778682561E-03 -3.3996208520486564E-03 1.1922896656078417E-03
0
0.0
-1.1897456151420462E+00 -3.1956031109671748E+00  2.6347265695933259E-01
 9.2719065766297439E-03 -3.4107509949572365E-03 1.2389962121990509E-03
0
0.0
-1.1897456151420462E+00 -3.1956031109671748E+00  2.6347265695933259E-01
 9.2417309633982692E-03 -3.3554832400411031E-03 1.3091446450587626E-03
0
0.0
-1.1897456151420462E+00 -3.1956031109671748E+00  2.6347265695933259E-01
 9.2240552705442069E-03 -3.2356352341250004E-03 1.1427326030285501E-03
0
0.0
-1.1897456151420462E+00 -3.1956031109671748E+00  2.6347265695933259E-01
 9.2809012681991637E-03 -3.3037202881798658E-03 1.2756105372132554E-03
0
0.0
-1.1897456151420462E+00 -3.1956031109671748E+00  2.6347265695933259E-01
 9.2816637895219989E-03 -3.4048528471625063E-03 1.3414778368399858E-03
0
0.0
-1.1897456151420462E+00 -3.1956031109671748E+00  2.6347265695933259E-01
 9.3119314489150482E-03 -3.3739594314304653E-03 1.2556244763841579E-03
0
0.0
-1.1897456151420462E+00 -3.1956031109671748E+00  2.6347265695933259E-01
 9.2243667559399212E-03 -3.2925099469700292E-03 1.2945450593295749E-03
0
0.0
-1.1897456151420462E+00 -3.1956031109671748E+00  2.6347265695933259E-01
 9.1102196157174676E-03 -3.4696731832228526E-03 1.2570196377145058E-03
0
0.0
-1.1897456151420462E+00 -3.1956031109671748E+00  2.6347265695933259E-01
 9.3135907146002488E-03 -3.3026551548058511E-03 1.3568735777082089E-03
0
0.0
-1.1897456151420462E+00 -3.1956031109671748E+00  2.6347265695933259E-01
 9.1525997412718468E-03 -3.2910186781416645E-03 1.2149245788550442E-03
0
0.0
-1.1897456151420462E+00 -3.1956031109671748E+00  2.6347265695933259E-01
 9.2457265052250069E-03 -3.3974325956387615E-03 1.2976594464052559E-03
0
0.0
-1.1897456151420462E+00 -3.1956031109671748E+00  2.6347265695933259E-01
 9.3047869164765984E-03 -3.3309089906526325E-03 1.2546478311827574E-03
0
0.0
-1.1897456151420462E+00 -3.1956031109671748E+00  2.6347265695933259E-01
 9.1013980392519525E-03 -3.3739614969778217E-03 1.2365520530937225E-03
0
0.0
-1.1897456151420462E+00 -3.1956031109671748E+00  2.6347265695933259E-01
 9.2696788157252460E-03 -3.3475212315287523E-03 1.3522784904277431E-03
0
0.0
-1.1897456151420462E+00 -3.1956031109671748E+00  2.6347265695933259E-01
 9.2797781291271680E-03 -3.3344358754967217E-03 1.2804391863131300E-03
0
0.0
-1.1897456151420462E+00 -3.1956031109671748E+00  2.6347265695933259E-01
 9.2586722921749794E-03 -3.3554566803885794E-03 1.3328872982846796E-03
0
0.0
-1.1897456151420462E+00 -3.1956031109671748E+00  2.6347265695933259E-01
 9.1172284215464677E-03 -3.2809089881648836E-03 1.3920329161463195E-03
0
0.0
-1.1897456151420462E+00 -3.1956031109671748E+00  2.6347265695933259E-01
 9.2260253032825576E-03 -3.3454177550412581E-03 1.2489740676555039E-03
0
0.0
-1.1897456151420462E+00 -3.1956031109671748E+00  2.6347265695933259E-01
 9.3739229254125745E-03 -3.4109566299284212E-03 1.1813074458193818E-03
0
0.0
-1.1897456151420462E+00 -3.1956031109671748E+00  2.6347265695933259E-01
 9.2447398185859092E-03 -3.3435981396496583E-03 1.3527221479335489E-03
0
0.0
-1.1897456151420462E+00 -3.1956031109671748E+00  2.6347265695933259E-01
 9.2585754411872653E-03 -3.3814317958331805E-03 1.2787359521798318E-03
0
0.0
-1.1897456151420462E+00 -3.1956031109671748E+00  2.6347265695933259E-01
 9.2554946070357545E-03 -3.3295624153921897E-03 1.2880874214284313E-03
0
0.0
-1.1897456151420462E+00 -3.1956031109671748E+00  2.6347265695933259E-01
 9.2086194340495909E-03 -3.2700090704109340E-03 1.3060228763234548E-03
0
0.0
-1.1897456151420462E+00 -3.1956031109671748E+00  2.6347265695933259E-01
 9.2697054875089582E-03 -3.2708961867034176E-03 1.1582905572425882E-03
0
0.0
-1.1897456151420462E+00 -3.1956031109671748E+00  2.6347265695933259E-01
 9.1991544976389398E-03 -3.3327258477025721E-03 1.4357481015142969E-03
0
0.0
-1.1897456151420462E+00 -3.1956031109671748E+00  2.6347265695933259E-01
 9.2287207949118162E-03 -3.4212321455722736E-03 1.3137254745082736E-03
0
0.0
-1.1897456151420462E+00 -3.1956031109671748E+00  2.6347265695933259E-01
 9.2530637987593093E-03 -3.4042434780146786E-03 1.2728836967197132E-03
0
0.0
-1.1897456151420462E+00 -3.1956031109671748E+00  2.6347265695933259E-01
 9.3079065230921420E-03 -3.4284134526133721E-03 1.4176657909467285E-03
0
0.0
-1.1897456151420462E+00 -3.1956031109671748E+00  2.6347265695933259E-01
 9.1848776936956818E-03 -3.3521254025808151E-03 1.2415889633038343E-03
0
0.0
-1.1897456151420462E+00 -3.1956031109671748E+00  2.6347265695933259E-01
 9.1987009753859515E-03 -3.3882715371801671E-03 1.3014714052119794E-03
0
0.0
-1.1897456151420462E+00 -3.1956031109671748E+00  2.6347265695933259E-01
 9.2743669787047813E-03 -3.3057623169442498E-03 1.3082981671241136E-03
0
0.0
-1.1897456151420462E+00 -3.1956031109671748E+00  2.6347265695933259E-01
 9.0988435135284963E-03 -3.3690429779026105E-03 1.3527761902050843E-03
0
0.0
-1.1897456151420462E+00 -3.1956031109671748E+00  2.6347265695933259E-01
 9.2118149700891744E-03 -3.2538471497944063E-03 1.3302782127528217E-03
0
0.0
-1.1897456151420462E+00 -3.1956031109671748E+00  2.6347265695933259E-01
 9.3167004851895108E-03 -3.3929467855946171E-03 1.2233880863947891E-03
0
0.0
-1.1897456151420462E+00 -3.1956031109671748E+00  2.6347265695933259E-01
 9.2936123390966671E-03 -3.2700912827330654E-03 1.3516354598392738E-03
0
0.0
-1.1897456151420462E+00 -3.1956031109671748E+00  2.6347265695933259E-01
 9.2645802433445976E-03 -3.3469111439594847E-03 1.2298908812598762E-03
0
0.0
-1.1897456151420462E+00 -3.1956031109671748E+00  2.6347265695933259E-01
 9.2375130081058590E-03 -3.3891697532625704E-03 1.1740520913685560E-03
0
0.0
-1.1897456151420462E+00 -3.1956031109671748E+00  2.6347265695933259E-01
 9.3120830857723116E-03 -3.4346370887491950E-03 1.3065022584540951E-03
0
0.0
-1.1897456151420462E+00 -3.1956031109671748E+00  2.6347265695933259E-01
 9.1834368057830424E-03 -3.3631615478770535E-03 1.3181788516012940E-03
0
0.0
-1.1897456151420462E+00 -3.1956031109671748E+00  2.6347265695933259E-01
 9.2573613343409338E-03 -3.4152053510983988E-03 1.3201166473833076E-03
0
0.0
-1.1897456151420462E+00 -3.1956031109671748E+00  2.6347265695933259E-01
 9.3201759468453139E-03 -3.2166348259894469E-03 1.2346982912395882E-03
0
0.0
-1.1897456151420462E+00 -3.1956031109671748E+00  2.6347265695933259E-01
 9.2231693180432825E-03 -3.3456079093042764E-03 1.3291789502406994E-03
0
0.0
-1.1897456151420462E+00 -3.1956031109671748E+00  2.6347265695933259E-01
 9.1836715089981223E-03 -3.3468035928393616E-03 1.2748294169911008E-03
0
0.0
-1.1897456151420462E+00 -3.1956031109671748E+00  2.6347265695933259E-01
 9.1605709121575663E-03 -3.2396526181325885E-03 1.2938415205789467E-03
0
0.0
-1.1897456151420462E+00 -3.1956031109671748E+00  2.6347265695933259E-01
 9.2555480957413373E-03 -3.2922688367055283E-03 1.2202407421929777E-03
0
0.0
-1.1897456151420462E+00 -3.1956031109671748E+00  2.6347265695933259E-01
 9.3042347565638166E-03 -3.4137831050223000E-03 1.3328530743907730E-03
0
0.0
-1.1897456151420462E+00 -3.1956031109671748E+00  2.6347265695933259E-01
 9.2581195537356550E-03 -3.2657428174832598E-03 1.2607541387861282E-03
0
0.0
-1.1897456151420462E+00 -3.1956031109671748E+00  2.6347265695933259E-01
 9.2532521123214612E-03 -3.3726404667448625E-03 1.3223961561639735E-03
0
0.0
-1.1897456151420462E+00 -3.1956031109671748E+00  2.6347265695933259E-01
 9.2593527582035141E-03 -3.3831762160415712E-03 1.3375091567201596E-03
0
0.0
-1.1897456151420462E+00 -3.1956031109671748E+00  2.6347265695933259E-01
 9.2602989956549024E-03 -3.3554463059920704E-03 1.3194201226683167E-03
0
0.0
-1.1897456151420462E+00 -3.1956031109671748E+00  2.6347265695933259E-01
 9.2578107759869171E-03 -3.3215863624227603E-03 1.2681819514115060E-03
0
0.0
-1.1897456151420462E+00 -3.1956031109671748E+00  2.6347265695933259E-01
 9.2575490316457679E-03 -3.3611395705443726E-03 1.3244273625248554E-03
0
0.0
-1.1897456151420462E+00 -3.1956031109671748E+00  2.6347265695933259E-01
 9.2189510887485202E-03 -3.3241013143559851E-03 1.2915070053798798E-03
0
0.0
-1.1897456151420462E+00 -3.1956031109671748E+00  2.6347265695933259E-01
 9.3266022161751453E-03 -3.2464088515384267E-03 1.4219676902144547E-03
0
0.0
-1.1897456151420462E+00 -3.1956031109671748E+00  2.6347265695933259E-01
 9.2166652492354541E-03 -3.3019152744603042E-03 1.2100392660562538E-03
0
0.0
-1.1897456151420462E+00 -3.1956031109671748E+00  2.6347265695933259E-01
 9.2537166583903912E-03 -3.3494769004347004E-03 1.2903332680157026E-03
0
0.0
-1.1897456151420462E+00 -3.1956031109671748E+00  2.6347265695933259E-01
 9.2889890532980683E-03 -3.3099325713865872E-03 1.3148714909806177E-03
0
0.0
-1.1897456151420462E+00 -3.1956031109671748E+00  2.6347265695933259E-01
 9.2629838064029885E-03 -3.3076054136626995E-03 1.3195724470512695E-03
0
0.0
-1.1897456151420462E+00 -3.1956031109671748E+00  2.6347265695933259E-01
 9.2150892724440180E-03 -3.3985364229221944E-03 1.4327683700417282E-03
0
0.0
-1.1897456151420462E+00 -3.1956031109671748E+00  2.6347265695933259E-01
 9.2813067166904913E-03 -3.3330532038022146E-03 1.3538467746894817E-03
0
0.0
-1.1897456151420462E+00 -3.1956031109671748E+00  2.6347265695933259E-01
 9.2842585859985484E-03 -3.4352371027032021E-03 1.2679854439944108E-03
0
0.0
-1.1897456151420462E+00 -3.1956031109671748E+00  2.6347265695933259E-01
 9.1720545133667716E-03 -3.2583890139784694E-03 1.3944767894651963E-03
0
0.0
-1.1897456151420462E+00 -3.1956031109671748E+00  2.6347265695933259E-01
 9.2039581834012715E-03 -3.3695763538029704E-03 1.3878145388075344E-03
0
0.0
-1.1897456151420462E+00 -3.1956031109671748E+00  2.6347265695933259E-01
 9.1493885143266902E-03 -3.2057920704749053E-03 1.2895914551065727E-03
0
0.0
-1.1897456151420462E+00 -3.1956031109671748E+00  2.6347265695933259E-01
 9.2592938000402927E-03 -3.3217362737044021E-03 1.3356129545171050E-03
0
0.0
-1.1897456151420462E+00 -3.1956031109671748E+00  2.6347265695933259E-01
 9.2393207133895736E-03 -3.3458618057738941E-03 1.3320629304367224E-03
0
0.0
-1.1897456151420462E+00 -3.1956031109671748E+00  2.6347265695933259E-01
 9.3036604991640626E-03 -3.2786077907834476E-03 1.3041870326872577E-03
0
0.0
-1.1897456151420462E+00 -3.1956031109671748E+00  2.6347265695933259E-01
 9.1041288623623252E-03 -3.2330730439974927E-03 1.2667108636073767E-03
0
0.0
-1.1897456151420462E+00 -3.1956031109671748E+00  2.6347265695933259E-01
 9.3327115109181485E-03 -3.3647108854159172E-03 1.2563925918036057E-03
0
0.0
-1.1897456151420462E+00 -3.1956031109671748E+00  2.6347265695933259E-01
 9.2305787254877668E-03 -3.5318830896590111E-03 1.2825999449984657E-03
0
0.0
-1.1897456151420462E+00 -3.1956031109671748E+00  2.6347265695933259E-01
 9.3010202216124438E-03 -3.3918834132091471E-03 1.2738573728223765E-03
0
0.0
-1.1897456151420462E+00 -3.1956031109671748E+00  2.6347265695933259E-01
 9.3989305685855413E-03 -3.2367599051092697E-03 1.2892269285157342E-03
0
0.0
-1.1897456151420462E+00 -3.1956031109671748E+00  2.6347265695933259E-01
 9.3146398693369024E-03 -3.3982440937472425E-03 1.3228528425952546E-03
0
0.0
-1.1897456151420462E+00 -3.1956031109671748E+00  2.6347265695933259E-01
 9.2902583480415340E-03 -3.3243601757563289E-03 1.3031083339180708E-03
0
0.0
-1.1897456151420462E+00 -3.1956031109671748E+00  2.6347265695933259E-01
 9.3219335534302245E-03 -3.3151465061887373E-03 1.1990866995428221E-03
0
0.0
-1.1897456151420462E+00 -3.1956031109671748E+00  2.6347265695933259E-01
 9.2926380651333525E-03 -3.3474771687053567E-03 1.2746018027733304E-03
0
0.0
-1.1897456151420462E+00 -3.1956031109671748E+00  2.6347265695933259E-01
 9.4042646555815759E-03 -3.3290876974109286E-03 1.2564771723191706E-03
0
0.0
-1.1897456151420462E+00 -3.1956031109671748E+00  2.6347265695933259E-01
 9.2931915717236694E-03 -3.3068980517431904E-03 1.2469455090480899E-03
0
0.0
-1.1897456151420462E+00 -3.1956031109671748E+00  2.6347265695933259E-01
 9.2553591381446879E-03 -3.3448112014985406E-03 1.3064767642099627E-03
0
0.0
-1.1897456151420462E+00 -3.1956031109671748E+00  2.6347265695933259E-01
 9.3267656543157846E-03 -3.3239862564082333E-03 1.2709671160329790E-03
0
0.0
-1.1897456151420462E+00 -3.1956031109671748E+00  2.6347265695933259E-01
 9.2622618485768676E-03 -3.3567172932632847E-03 1.3209696154381516E-03
0
0.0
-1.1897456151420462E+00 -3.1956031109671748E+00  2.6347265695933259E-01
 9.2597617416039415E-03 -3.3413122938342884E-03 1.2996922822012447E-03
0
0.0
-1.1897456151420462E+00 -3.1956031109671748E+00  2.6347265695933259E-01
 9.2698856725605475E-03 -3.3805870277239425E-03 1.3103879338735758E-03
0
0.0
-1.1897456151420462E+00 -3.1956031109671748E+00  2.6347265695933259E-01
 9.2207958473783189E-03 -3.3331005425823504E-03 1.2553879613855842E-03
0
0.0
-1.1897456151420462E+00 -3.1956031109671748E+00  2.6347265695933259E-01
 9.2402268350708604E-03 -3.3132731785317200E-03 1.3796351105746919E-03
0
0.0
-1.1897456151420462E+00 -3.1956031109671748E+00  2.6347265695933259E-01
 9.3490193380475119E-03 -3.4340739249889042E-03 1.1194912609580013E-03
0
0.0
-1.1897456151420462E+00 -3.1956031109671748E+00  2.6347265695933259E-01
 9.2230565050707702E-03 -3.3438790842141857E-03 1.3904760297063067E-03
0
0.0
-1.1897456151420462E+00 -3.1956031109671748E+00  2.6347265695933259E-01
 9.2414618834261875E-03 -3.3568117697837588E-03 1.3006946348084515E-03
0
0.0
-1.1897456151420462E+00 -3.1956031109671748E+00  2.6347265695933259E-01
 9.2841692899235679E-03 -3.2437947026202753E-03 1.3527918799464060E-03
0
0.0
-1.1897456151420462E+00 -3.1956031109671748E+00  2.6347265695933259E-01
 9.1877589661720754E-03 -3.1902730752764955E-03 1.4228925813968508E-03
0
0.0
-1.1897456151420462E+00 -3.1956031109671748E+00  2.6347265695933259E-01
 9.2346351711783056E-03 -3.3560769536641576E-03 1.3181923247900902E-03
0
0.0
-1.1897456151420462E+00 -3.1956031109671748E+00  2.6347265695933259E-01
 9.2590849530751872E-03 -3.3258386946056978E-03 1.3067699426435023E-03
0
0.0
-1.1897456151420462E+00 -3.1956031109671748E+00  2.6347265695933259E-01
 9.1081269605028919E-03 -3.3163722634764795E-03 1.1278410677734176E-03
0
0.0
-1.1897456151420462E+00 -3.1956031109671748E+00  2.6347265695933259E-01
 9.2543873722529708E-03 -3.3493658284700230E-03 1.3423181864972299E-03
0
0.0
-1.1897456151420462E+00 -3.1956031109671748E+00  2.6347265695933259E-01
 9.2084606325894963E-03 -3.3702300957748773E-03 1.2825366877614697E-03
0
0.0
-1.1897456151420462E+00 -3.1956031109671748E+00  2.6347265695933259E-01
 9.1444515446318184E-03 -3.3770552798806841E-03 1.3408481048088098E-03
0
0.0
-1.1897456151420462E+00 -3.1956031109671748E+00  2.6347265695933259E-01
 9.3012906524988833E-03 -3.3576228160706392E-03 1.3462913198198398E-03
0
0.0
-1.1897456151420462E+00 -3.1956031109671748E+00  2.6347265695933259E-01
 9.2111615438367437E-03 -3.4217214690718716E-03 1.2956653152872439E-03
0
0.0
-1.1897456151420462E+00 -3.1956031109671748E+00  2.6347265695933259E-01
 9.1551021449006835E-03 -3.2081383860454661E-03 1.3860475829313684E-03
0
0.0
-1.1897456151420462E+00 -3.1956031109671748E+00  2.6347265695933259E-01
 9.3292756467977210E-03 -3.3509065811435832E-03 1.3344783567597305E-03
0
0.0
-1.1897456151420462E+00 -3.1956031109671748E+00  2.6347265695933259E-01
 9.2478679180401247E-03 -3.3590471795685510E-03 1.2858027893575832E-03
0
0.0
-1.1897456151420462E+00 -3.1956031109671748E+00  2.6347265695933259E-01
 9.2051434605614647E-03 -3.2980369578083199E-03 1.3357334251690930E-03
0
0.0
-1.1897456151420462E+00 -3.1956031109671748E+00  2.6347265695933259E-01
 9.1998682821199107E-03 -3.4509073569035406E-03 1.2839893772698288E-03
0
0.0
-1.1897456151420462E+00 -3.1956031109671748E+00  2.6347265695933259E-01
 9.2628794123987036E-03 -3.1786072287298753E-03 1.2414758424717780E-03
0
0.0
-1.1897456151420462E+00 -3.1956031109671748E+00  2.6347265695933259E-01
 9.2657189945135159E-03 -3.3493637824210300E-03 1.3052854187236625E-03
0
0.0
-1.1897456151420462E+00 -3.1956031109671748E+00  2.6347265695933259E-01
 9.3168878666439713E-03 -3.3245013241739044E-03 1.2880897112438102E-03
0
0.0
-1.1897456151420462E+00 -3.1956031109671748E+00  2.6347265695933259E-01
 9.2681340469301932E-03 -3.3575984509097933E-03 1.2873126036069707E-03
0
0.0
-1.1897456151420462E+00 -3.1956031109671748E+00  2.6347265695933259E-01
 9.2612392342392574E-03 -3.3119047508683281E-03 1.2660887754586145E-03
0
0.0
-1.1897456151420462E+00 -3.1956031109671748E+00  2.6347265695933259E-01
 9.2995914108279648E-03 -3.2661241718733372E-03 1.3209989941979560E-03
0
0.0
-1.1897456151420462E+00 -3.1956031109671748E+00  2.6347265695933259E-01
 9.2658071070271606E-03 -3.3321607671594478E-03 1.2514574977354103E-03
0
0.0
-1.1897456151420462E+00 -3.1956031109671748E+00  2.6347265695933259E-01
 9.2693881974390945E-03 -3.3426181564947181E-03 1.2866337748638755E-03
0
0.0
-1.1897456151420462E+00 -3.1956031109671748E+00  2.6347265695933259E-01
 9.2308161724235834E-03 -3.3275441931995336E-03 1.2774825790650662E-03
0
0.0
-1.1897456151420462E+00 -3.1956031109671748E+00  2.6347265695933259E-01
 9.1824905547619323E-03 -3.3597468571807503E-03 1.3380379214303424E-03
0
0.0
-1.1897456151420462E+00 -3.1956031109671748E+00  2.6347265695933259E-01
 9.2974529702476265E-03 -3.3594860666176815E-03 1.2607151821095064E-03
0
0.0
-1.1897456151420462E+00 -3.1956031109671748E+00  2.6347265695933259E-01
 9.2359583655068946E-03 -3.3337044436008668E-03 1.3434547177162224E-03
0
0.0
-1.1897456151420462E+00 -3.1956031109671748E+00  2.6347265695933259E-01
 9.3008483484953910E-03 -3.4087834645649224E-03 1.2877482715911005E-03
0
0.0
-1.1897456151420462E+00 -3.1956031109671748E+00  2.6347265695933259E-01
 9.3196123745119333E-03 -3.2713927420772791E-03 1.3070096601027600E-03
0
0.0
-1.1897456151420462E+00 -3.1956031109671748E+00  2.6347265695933259E-01
 9.2367239147659961E-03 -3.3515115343224953E-03 1.3921348754956423E-03
0
0.0
-1.1897456151420462E+00 -3.1956031109671748E+00  2.6347265695933259E-01
 9.1699340348075226E-03 -3.3711652046576313E-03 1.2974483325151674E-03
0
0.0
-1.1897456151420462E+00 -3.1956031109671748E+00  2.6347265695933259E-01
 9.2068915020674068E-03 -3.2902223542395316E-03 1.2522601921319237E-03
0
0.0
-1.1897456151420462E+00 -3.1956031109671748E+00  2.6347265695933259E-01
 9.2946665876649237E-03 -3.3643141907044828E-03 1.2821919240148757E-03
0
0.0
-1.1897456151420462E+00 -3.1956031109671748E+00  2.6347265695933259E-01
 9.3323759671038800E-03 -3.3279400092015130E-03 1.2404913808073423E-03
0
0.0
-1.1897456151420462E+00 -3.1956031109671748E+00  2.6347265695933259E-01
 9.2431981486599327E-03 -3.4098177123684675E-03 1.2696097242418422E-03
0
0.0
-1.1897456151420462E+00 -3.1956031109671748E+00  2.6347265695933259E-01
 9.2885110658065123E-03 -3.2569753346589937E-03 1.3040434842686700E-03
0
0.0
-1.1897456151420462E+00 -3.1956031109671748E+00  2.6347265695933259E-01
 9.2680294384562510E-03 -3.3296150782511510E-03 1.3147827168884690E-03
0
0.0
-1.1897456151420462E+00 -3.1956031109671748E+00  2.6347265695933259E-01
 9.2797462566184419E-03 -3.3682979985651573E-03 1.3316502721034550E-03
0
0.0
-1.1897456151420462E+00 -3.1956031109671748E+00  2.6347265695933259E-01
 9.2749054312820326E-03 -3.3219759955332088E-03 1.2612597485336635E-03
0
0.0
-1.1897456151420462E+00 -3.1956031109671748E+00  2.6347265695933259E-01
 9.2641240374041131E-03 -3.3472305576848194E-03 1.2401371852795613E-03
0
0.0
-1.1897456151420462E+00 -3.1956031109671748E+00  2.6347265695933259E-01
 9.1657987950859669E-03 -3.3342101554225943E-03 1.3524818375502475E-03
0
0.0
-1.1897456151420462E+00 -3.1956031109671748E+00  2.6347265695933259E-01
 9.1747381131510233E-03 -3.2272383929706676E-03 1.2011661934506206E-03
0
0.0
-1.1897456151420462E+00 -3.1956031109671748E+00  2.6347265695933259E-01
 9.2096524467052618E-03 -3.3373655780052519E-03 1.2553817869161100E-03
0
0.0
-1.1897456151420462E+00 -3.1956031109671748E+00  2.6347265695933259E-01
 9.2518315319792144E-03 -3.3131823577774136E-03 1.3617476836239185E-03
0
0.0
-1.1897456151420462E+00 -3.1956031109671748E+00  2.6347265695933259E-01
 9.0983321794927078E-03 -3.4722236681804346E-03 1.2551186487507469E-03
0
0.0
-1.1897456151420462E+00 -3.1956031109671748E+00  2.6347265695933259E-01
 9.2692014882902844E-03 -3.3404034580257363E-03 1.2397591807010910E-03
0
0.0
-1.1897456151420462E+00 -3.1956031109671748E+00  2.6347265695933259E-01
 9.1896652128391730E-03 -3.2251690774847274E-03 1.4554915037487592E-03
0
0.0
-1.1897456151420462E+00 -3.1956031109671748E+00  2.6347265695933259E-01
 9.2954388840065082E-03 -3.4081342253863846E-03 1.1345712975875644E-03
0
0.0
-1.1897456151420462E+00 -3.1956031109671748E+00  2.6347265695933259E-01
 9.2076533089088773E-03 -3.3387799581224716E-03 1.3816542827882585E-03
0
0.0
-1.1897456151420462E+00 -3.1956031109671748E+00  2.6347265695933259E-01
 9.2352762005370043E-03 -3.3167325726284206E-03 1.2925851100203205E-03
0
0.0
-1.1897456151420462E+00 -3.1956031109671748E+00  2.6347265695933259E-01
 9.3536268081766457E-03 -3.3917192655959572E-03 1.4931589018704423E-03
0
0.0
-1.1897456151420462E+00 -3.1956031109671748E+00  2.6347265695933259E-01
 9.2878815892117154E-03 -3.3229254260787240E-03 1.3235661331830741E-03
0
0.0
-1.1897456151420462E+00 -3.1956031109671748E+00  2.6347265695933259E-01
 9.2524687328842947E-03 -3.3445226319043630E-03 1.3158445980870600E-03
0
0.0
-1.1897456151420462E+00 -3.1956031109671748E+00  2.6347265695933259E-01
 9.1821741000723163E-03 -3.3723859706699805E-03 1.3106017656442229E-03
0
0.0
-1.1897456151420462E+00 -3.1956031109671748E+00  2.6347265695933259E-01
 9.1260203969791964E-03 -3.3790584352089209E-03 1.4050057465077180E-03
0
0.0
-1.1897456151420462E+00 -3.1956031109671748E+00  2.6347265695933259E-01
 9.3319513551247870E-03 -3.5513030241495578E-03 1.3098165184588003E-03
0
0.0
-1.1897456151420462E+00 -3.1956031109671748E+00  2.6347265695933259E-01
 9.3506294513610432E-03 -3.2520184946946778E-03 1.3555075591556122E-03
0
0.0
-1.1897456151420462E+00 -3.1956031109671748E+00  2.6347265695933259E-01
 9.3279430132195539E-03 -3.2850669788001443E-03 1.3369357191552458E-03
0
0.0
-1.1897456151420462E+00 -3.1956031109671748E+00  2.6347265695933259E-01
 9.2178176424837568E-03 -3.3207348589644387E-03 1.3194902954347095E-03
0
0.0
-1.1897456151420462E+00 -3.1956031109671748E+00  2.6347265695933259E-01
 9.2519159965763521E-03 -3.3990007639309178E-03 1.2515074929287794E-03
0
0.0
-1.1897456151420462E+00 -3.1956031109671748E+00  2.6347265695933259E-01
 9.2355415299083931E-03 -3.3806115678512200E-03 1.2739379047679868E-03
0
0.0
-1.1897456151420462E+00 -3.1956031109671748E+00  2.6347265695933259E-01
 9.2466121144340746E-03 -3.3114080352426162E-03 1.1987396159459250E-03
0
0.0
-1.1897456151420462E+00 -3.1956031109671748E+00  2.6347265695933259E-01
 9.2957302951978248E-03 -3.4555231850343913E-03 1.3674171419912828E-03
0
0.0
-1.1897456151420462E+00 -3.1956031109671748E+00  2.6347265695933259E-01
 9.2551401408991450E-03 -3.3838575039191617E-03 1.3176736310260898E-03
0
0.0
-1.1897456151420462E+00 -3.1956031109671748E+00  2.6347265695933259E-01
 9.2514042308805191E-03 -3.3374121027497754E-03 1.3217770795376830E-03
0
0.0
-1.1897456151420462E+00 -3.1956031109671748E+00  2.6347265695933259E-01
 9.2783089524178970E-03 -3.1886448474763131E-03 1.2690310311729142E-03
0
0.0
-1.1897456151420462E+00 -3.1956031109671748E+00  2.6347265695933259E-01
 9.1835303335098678E-03 -3.3621504039202887E-03 1.2450984294144337E-03
0
0.0
-1.1897456151420462E+00 -3.1956031109671748E+00  2.6347265695933259E-01
 9.3715884656062707E-03 -3.4455953798539721E-03 1.4228651046477797E-03
0
0.0
-1.1897456151420462E+00 -3.1956031109671748E+00  2.6347265695933259E-01
 9.4148633798691924E-03 -3.3109119121143135E-03 1.1984301590532791E-03
0
0.0
