360
  85300.00 1300.0 1300.0 0.0100  680.0 0.02 0.95
  22015.00 1300.0 1300.0 0.0100  680.0 0.02 0.95
  31385.00 1300.0 1300.0 0.0100  680.0 0.02 0.95
  32100.00 1300.0 1300.0 0.0100  680.0 0.02 0.95
  25000.00 1300.0 1300.0 0.0100  680.0 0.02 0.95
  16350.00 1300.0 1300.0 0.0100  680.0 0.02 0.95
  19450.00 1300.0 1300.0 0.0100  680.0 0.02 0.95
  26715.00 1300.0 1300.0 0.0100  680.0 0.02 0.95
  24750.00 1300.0 1300.0 0.0100  680.0 0.02 0.95
  16855.00 1300.0 1300.0 0.0100  680.0 0.02 0.95
  11660.00 1300.0 1300.0 0.0100  680.0 0.02 0.95
   8450.00 1300.0 1300.0 0.0100  680.0 0.02 0.95
  17650.00 1300.0 1300.0 0.0100  680.0 0.02 0.95
  11660.00 1300.0 1300.0 0.0100  680.0 0.02 0.95
  13390.00 1300.0 1300.0 0.0100  680.0 0.02 0.95
  14680.00 1300.0 1300.0 0.0100  680.0 0.02 0.95
  10635.00 1300.0 1300.0 0.0100  680.0 0.02 0.95
  15370.00 1300.0 1300.0 0.0100  680.0 0.02 0.95
  20265.00 1300.0 1300.0 0.0100  680.0 0.02 0.95
   9265.00 1300.0 1300.0 0.0100  680.0 0.02 0.95
  11660.00 1300.0 1300.0 0.0100  680.0 0.02 0.95
   9700.00 1300.0 1300.0 0.0100  680.0 0.02 0.95
  18480.00 1300.0 1300.0 0.0100  680.0 0.02 0.95
  12785.00 1300.0 1300.0 0.0100  680.0 0.02 0.95
   6120.00 1300.0 1300.0 0.0100  680.0 0.02 0.95
   9700.00 1300.0 1300.0 0.0100  680.0 0.02 0.95
   7360.00 1300.0 1300.0 0.0100  680.0 0.02 0.95
   8070.00 1300.0 1300.0 0.0100  680.0 0.02 0.95
   6710.00 1300.0 1300.0 0.0100  680.0 0.02 0.95
   6120.00 1300.0 1300.0 0.0100  680.0 0.02 0.95
  10155.00 1300.0 1300.0 0.0100  680.0 0.02 0.95
   7360.00 1300.0 1300.0 0.0100  680.0 0.02 0.95
   5090.00 1300.0 1300.0 0.0100  680.0 0.02 0.95
   7025.00 1300.0 1300.0 0.0100  680.0 0.02 0.95
   7705.00 1300.0 1300.0 0.0100  680.0 0.02 0.95
  14680.00 1300.0 1300.0 0.0100  680.0 0.02 0.95
  11660.00 1300.0 1300.0 0.0100  680.0 0.02 0.95
   8845.00 1300.0 1300.0 0.0100  680.0 0.02 0.95
   7025.00 1300.0 1300.0 0.0100  680.0 0.02 0.95
   7705.00 1300.0 1300.0 0.0100  680.0 0.02 0.95
  11135.00 1300.0 1300.0 0.0100  680.0 0.02 0.95
   8070.00 1300.0 1300.0 0.0100  680.0 0.02 0.95
  11135.00 1300.0 1300.0 0.0100  680.0 0.02 0.95
  11660.00 1300.0 1300.0 0.0100  680.0 0.02 0.95
  12210.00 1300.0 1300.0 0.0100  680.0 0.02 0.95
   8070.00 1300.0 1300.0 0.0100  680.0 0.02 0.95
   7705.00 1300.0 1300.0 0.0100  680.0 0.02 0.95
   9700.00 1300.0 1300.0 0.0100  680.0 0.02 0.95
   9265.00 1300.0 1300.0 0.0100  680.0 0.02 0.95
   7025.00 1300.0 1300.0 0.0100  680.0 0.02 0.95
   8845.00 1300.0 1300.0 0.0100  680.0 0.02 0.95
   4235.00 1300.0 1300.0 0.0100  680.0 0.02 0.95
   7360.00 1300.0 1300.0 0.0100  680.0 0.02 0.95
   7705.00 1300.0 1300.0 0.0100  680.0 0.02 0.95
   7705.00 1300.0 1300.0 0.0100  680.0 0.02 0.95
   7360.00 1300.0 1300.0 0.0100  680.0 0.02 0.95
   7360.00 1300.0 1300.0 0.0100  680.0 0.02 0.95
   7360.00 1300.0 1300.0 0.0100  680.0 0.02 0.95
   7360.00 1300.0 1300.0 0.0100  680.0 0.02 0.95
  13390.00 1300.0 1300.0 0.0100  680.0 0.02 0.95
   6120.00 1300.0 1300.0 0.0100  680.0 0.02 0.95
   7025.00 1300.0 1300.0 0.0100  680.0 0.02 0.95
   8070.00 1300.0 1300.0 0.0100  680.0 0.02 0.95
   8845.00 1300.0 1300.0 0.0100  680.0 0.02 0.95
   8070.00 1300.0 1300.0 0.0100  680.0 0.02 0.95
   5330.00 1300.0 1300.0 0.0100  680.0 0.02 0.95
   5580.00 1300.0 1300.0 0.0100  680.0 0.02 0.95
   5580.00 1300.0 1300.0 0.0100  680.0 0.02 0.95
   8845.00 1300.0 1300.0 0.0100  680.0 0.02 0.95
   7025.00 1300.0 1300.0 0.0100  680.0 0.02 0.95
   6710.00 1300.0 1300.0 0.0100  680.0 0.02 0.95
   9700.00 1300.0 1300.0 0.0100  680.0 0.02 0.95
  10155.00 1300.0 1300.0 0.0100  680.0 0.02 0.95
   6710.00 1300.0 1300.0 0.0100  680.0 0.02 0.95
   7705.00 1300.0 1300.0 0.0100  680.0 0.02 0.95
   5090.00 1300.0 1300.0 0.0100  680.0 0.02 0.95
   8450.00 1300.0 1300.0 0.0100  680.0 0.02 0.95
   3520.00 1300.0 1300.0 0.0100  680.0 0.02 0.95
   7705.00 1300.0 1300.0 0.0100  680.0 0.02 0.95
   7705.00 1300.0 1300.0 0.0100  680.0 0.02 0.95
   7025.00 1300.0 1300.0 0.0100  680.0 0.02 0.95
   5580.00 1300.0 1300.0 0.0100  680.0 0.02 0.95
   6710.00 1300.0 1300.0 0.0100  680.0 0.02 0.95
   6410.00 1300.0 1300.0 0.0100  680.0 0.02 0.95
   6410.00 1300.0 1300.0 0.0100  680.0 0.02 0.95
   6710.00 1300.0 1300.0 0.0100  680.0 0.02 0.95
   9265.00 1300.0 1300.0 0.0100  680.0 0.02 0.95
  11135.00 1300.0 1300.0 0.0100  680.0 0.02 0.95
   9265.00 1300.0 1300.0 0.0100  680.0 0.02 0.95
   4045.00 1300.0 1300.0 0.0100  680.0 0.02 0.95
   6710.00 1300.0 1300.0 0.0100  680.0 0.02 0.95
   6710.00 1300.0 1300.0 0.0100  680.0 0.02 0.95
   9700.00 1300.0 1300.0 0.0100  680.0 0.02 0.95
   8070.00 1300.0 1300.0 0.0100  680.0 0.02 0.95
   7025.00 1300.0 1300.0 0.0100  680.0 0.02 0.95
   6410.00 1300.0 1300.0 0.0100  680.0 0.02 0.95
   7705.00 1300.0 1300.0 0.0100  680.0 0.02 0.95
   5330.00 1300.0 1300.0 0.0100  680.0 0.02 0.95
   5330.00 1300.0 1300.0 0.0100  680.0 0.02 0.95
   4045.00 1300.0 1300.0 0.0100  680.0 0.02 0.95
   4235.00 1300.0 1300.0 0.0100  680.0 0.02 0.95
   4860.00 1300.0 1300.0 0.0100  680.0 0.02 0.95
   8845.00 1300.0 1300.0 0.0100  680.0 0.02 0.95
   6710.00 1300.0 1300.0 0.0100  680.0 0.02 0.95
   4435.00 1300.0 1300.0 0.0100  680.0 0.02 0.95
   6120.00 1300.0 1300.0 0.0100  680.0 0.02 0.95
   6120.00 1300.0 1300.0 0.0100  680.0 0.02 0.95
   8450.00 1300.0 1300.0 0.0100  680.0 0.02 0.95
   6410.00 1300.0 1300.0 0.0100  680.0 0.02 0.95
   7360.00 1300.0 1300.0 0.0100  680.0 0.02 0.95
   8845.00 1300.0 1300.0 0.0100  680.0 0.02 0.95
   4640.00 1300.0 1300.0 0.0100  680.0 0.02 0.95
   5845.00 1300.0 1300.0 0.0100  680.0 0.02 0.95
   7705.00 1300.0 1300.0 0.0100  680.0 0.02 0.95
   7705.00 1300.0 1300.0 0.0100  680.0 0.02 0.95
   4860.00 1300.0 1300.0 0.0100  680.0 0.02 0.95
   6410.00 1300.0 1300.0 0.0100  680.0 0.02 0.95
   6410.00 1300.0 1300.0 0.0100  680.0 0.02 0.95
   9265.00 1300.0 1300.0 0.0100  680.0 0.02 0.95
   4435.00 1300.0 1300.0 0.0100  680.0 0.02 0.95
   7025.00 1300.0 1300.0 0.0100  680.0 0.02 0.95
   9265.00 1300.0 1300.0 0.0100  680.0 0.02 0.95
   5845.00 1300.0 1300.0 0.0100  680.0 0.02 0.95
   5580.00 1300.0 1300.0 0.0100  680.0 0.02 0.95
   5845.00 1300.0 1300.0 0.0100  680.0 0.02 0.95
   5580.00 1300.0 1300.0 0.0100  680.0 0.02 0.95
   5580.00 1300.0 1300.0 0.0100  680.0 0.02 0.95
   6710.00 1300.0 1300.0 0.0100  680.0 0.02 0.95
   4435.00 1300.0 1300.0 0.0100  680.0 0.02 0.95
   6120.00 1300.0 1300.0 0.0100  680.0 0.02 0.95
   6120.00 1300.0 1300.0 0.0100  680.0 0.02 0.95
   3520.00 1300.0 1300.0 0.0100  680.0 0.02 0.95
   4435.00 1300.0 1300.0 0.0100  680.0 0.02 0.95
   4435.00 1300.0 1300.0 0.0100  680.0 0.02 0.95
   6410.00 1300.0 1300.0 0.0100  680.0 0.02 0.95
   4860.00 1300.0 1300.0 0.0100  680.0 0.02 0.95
   7705.00 1300.0 1300.0 0.0100  680.0 0.02 0.95
   7705.00 1300.0 1300.0 0.0100  680.0 0.02 0.95
   4860.00 1300.0 1300.0 0.0100  680.0 0.02 0.95
   6120.00 1300.0 1300.0 0.0100  680.0 0.02 0.95
   4435.00 1300.0 1300.0 0.0100  680.0 0.02 0.95
   7705.00 1300.0 1300.0 0.0100  680.0 0.02 0.95
   5580.00 1300.0 1300.0 0.0100  680.0 0.02 0.95
   6120.00 1300.0 1300.0 0.0100  680.0 0.02 0.95
   4640.00 1300.0 1300.0 0.0100  680.0 0.02 0.95
   4860.00 1300.0 1300.0 0.0100  680.0 0.02 0.95
   5090.00 1300.0 1300.0 0.0100  680.0 0.02 0.95
   5845.00 1300.0 1300.0 0.0100  680.0 0.02 0.95
   5090.00 1300.0 1300.0 0.0100  680.0 0.02 0.95
   4045.00 1300.0 1300.0 0.0100  680.0 0.02 0.95
   4860.00 1300.0 1300.0 0.0100  680.0 0.02 0.95
   7025.00 1300.0 1300.0 0.0100  680.0 0.02 0.95
   5580.00 1300.0 1300.0 0.0100  680.0 0.02 0.95
   3365.00 1300.0 1300.0 0.0100  680.0 0.02 0.95
   6410.00 1300.0 1300.0 0.0100  680.0 0.02 0.95
   4640.00 1300.0 1300.0 0.0100  680.0 0.02 0.95
   5090.00 1300.0 1300.0 0.0100  680.0 0.02 0.95
   4235.00 1300.0 1300.0 0.0100  680.0 0.02 0.95
   5580.00 1300.0 1300.0 0.0100  680.0 0.02 0.95
   5090.00 1300.0 1300.0 0.0100  680.0 0.02 0.95
   7025.00 1300.0 1300.0 0.0100  680.0 0.02 0.95
   5330.00 1300.0 1300.0 0.0100  680.0 0.02 0.95
   4045.00 1300.0 1300.0 0.0100  680.0 0.02 0.95
   4860.00 1300.0 1300.0 0.0100  680.0 0.02 0.95
   3690.00 1300.0 1300.0 0.0100  680.0 0.02 0.95
   4860.00 1300.0 1300.0 0.0100  680.0 0.02 0.95
   6710.00 1300.0 1300.0 0.0100  680.0 0.02 0.95
   6410.00 1300.0 1300.0 0.0100  680.0 0.02 0.95
   6410.00 1300.0 1300.0 0.0100  680.0 0.02 0.95
   5580.00 1300.0 1300.0 0.0100  680.0 0.02 0.95
   5330.00 1300.0 1300.0 0.0100  680.0 0.02 0.95
   5330.00 1300.0 1300.0 0.0100  680.0 0.02 0.95
   4045.00 1300.0 1300.0 0.0100  680.0 0.02 0.95
   4860.00 1300.0 1300.0 0.0100  680.0 0.02 0.95
   5330.00 1300.0 1300.0 0.0100  680.0 0.02 0.95
   5580.00 1300.0 1300.0 0.0100  680.0 0.02 0.95
   4235.00 1300.0 1300.0 0.0100  680.0 0.02 0.95
   5090.00 1300.0 1300.0 0.0100  680.0 0.02 0.95
   3210.00 1300.0 1300.0 0.0100  680.0 0.02 0.95
   4235.00 1300.0 1300.0 0.0100  680.0 0.02 0.95
   5330.00 1300.0 1300.0 0.0100  680.0 0.02 0.95
   4435.00 1300.0 1300.0 0.0100  680.0 0.02 0.95
   4860.00 1300.0 1300.0 0.0100  680.0 0.02 0.95
   4640.00 1300.0 1300.0 0.0100  680.0 0.02 0.95
   5580.00 1300.0 1300.0 0.0100  680.0 0.02 0.95
   3690.00 1300.0 1300.0 0.0100  680.0 0.02 0.95
   5845.00 1300.0 1300.0 0.0100  680.0 0.02 0.95
   4860.00 1300.0 1300.0 0.0100  680.0 0.02 0.95
   5330.00 1300.0 1300.0 0.0100  680.0 0.02 0.95
   4435.00 1300.0 1300.0 0.0100  680.0 0.02 0.95
   6120.00 1300.0 1300.0 0.0100  680.0 0.02 0.95
   5090.00 1300.0 1300.0 0.0100  680.0 0.02 0.95
   3690.00 1300.0 1300.0 0.0100  680.0 0.02 0.95
   4640.00 1300.0 1300.0 0.0100  680.0 0.02 0.95
   4435.00 1300.0 1300.0 0.0100  680.0 0.02 0.95
   2930.00 1300.0 1300.0 0.0100  680.0 0.02 0.95
   4435.00 1300.0 1300.0 0.0100  680.0 0.02 0.95
   5580.00 1300.0 1300.0 0.0100  680.0 0.02 0.95
   3365.00 1300.0 1300.0 0.0100  680.0 0.02 0.95
   5090.00 1300.0 1300.0 0.0100  680.0 0.02 0.95
   4860.00 1300.0 1300.0 0.0100  680.0 0.02 0.95
   4235.00 1300.0 1300.0 0.0100  680.0 0.02 0.95
   6710.00 1300.0 1300.0 0.0100  680.0 0.02 0.95
   4435.00 1300.0 1300.0 0.0100  680.0 0.02 0.95
   4435.00 1300.0 1300.0 0.0100  680.0 0.02 0.95
   4860.00 1300.0 1300.0 0.0100  680.0 0.02 0.95
   5090.00 1300.0 1300.0 0.0100  680.0 0.02 0.95
   3365.00 1300.0 1300.0 0.0100  680.0 0.02 0.95
   7025.00 1300.0 1300.0 0.0100  680.0 0.02 0.95
   3860.00 1300.0 1300.0 0.0100  680.0 0.02 0.95
   4840.00 1300.0 1300.0 0.0100  680.0 0.02 0.95
   4435.00 1300.0 1300.0 0.0100  680.0 0.02 0.95
   3990.00 1300.0 1300.0 0.0100  680.0 0.02 0.95
   3540.00 1300.0 1300.0 0.0100  680.0 0.02 0.95
   3915.00 1300.0 1300.0 0.0100  680.0 0.02 0.95
   2860.00 1300.0 1300.0 0.0100  680.0 0.02 0.95
   4795.00 1300.0 1300.0 0.0100  680.0 0.02 0.95
   2850.00 1300.0 1300.0 0.0100  680.0 0.02 0.95
   4060.00 1300.0 1300.0 0.0100  680.0 0.02 0.95
   6525.00 1300.0 1300.0 0.0100  680.0 0.02 0.95
   5380.00 1300.0 1300.0 0.0100  680.0 0.02 0.95
   6470.00 1300.0 1300.0 0.0100  680.0 0.02 0.95
   5135.00 1300.0 1300.0 0.0100  680.0 0.02 0.95
   3790.00 1300.0 1300.0 0.0100  680.0 0.02 0.95
   4600.00 1300.0 1300.0 0.0100  680.0 0.02 0.95
   4375.00 1300.0 1300.0 0.0100  680.0 0.02 0.95
   4580.00 1300.0 1300.0 0.0100  680.0 0.02 0.95
   3915.00 1300.0 1300.0 0.0100  680.0 0.02 0.95
   4685.00 1300.0 1300.0 0.0100  680.0 0.02 0.95
   6320.00 1300.0 1300.0 0.0100  680.0 0.02 0.95
   5430.00 1300.0 1300.0 0.0100  680.0 0.02 0.95
   4665.00 1300.0 1300.0 0.0100  680.0 0.02 0.95
   3315.00 1300.0 1300.0 0.0100  680.0 0.02 0.95
   4600.00 1300.0 1300.0 0.0100  680.0 0.02 0.95
   5135.00 1300.0 1300.0 0.0100  680.0 0.02 0.95
   4255.00 1300.0 1300.0 0.0100  680.0 0.02 0.95
   4080.00 1300.0 1300.0 0.0100  680.0 0.02 0.95
   4685.00 1300.0 1300.0 0.0100  680.0 0.02 0.95
   3380.00 1300.0 1300.0 0.0100  680.0 0.02 0.95
   5305.00 1300.0 1300.0 0.0100  680.0 0.02 0.95
   5235.00 1300.0 1300.0 0.0100  680.0 0.02 0.95
   5480.00 1300.0 1300.0 0.0100  680.0 0.02 0.95
   4495.00 1300.0 1300.0 0.0100  680.0 0.02 0.95
   5135.00 1300.0 1300.0 0.0100  680.0 0.02 0.95
   3395.00 1300.0 1300.0 0.0100  680.0 0.02 0.95
   2955.00 1300.0 1300.0 0.0100  680.0 0.02 0.95
   6525.00 1300.0 1300.0 0.0100  680.0 0.02 0.95
   4355.00 1300.0 1300.0 0.0100  680.0 0.02 0.95
   4235.00 1300.0 1300.0 0.0100  680.0 0.02 0.95
   4235.00 1300.0 1300.0 0.0100  680.0 0.02 0.95
   5580.00 1300.0 1300.0 0.0100  680.0 0.02 0.95
   3810.00 1300.0 1300.0 0.0100  680.0 0.02 0.95
   4395.00 1300.0 1300.0 0.0100  680.0 0.02 0.95
   3810.00 1300.0 1300.0 0.0100  680.0 0.02 0.95
   3055.00 1300.0 1300.0 0.0100  680.0 0.02 0.95
   3915.00 1300.0 1300.0 0.0100  680.0 0.02 0.95
   3125.00 1300.0 1300.0 0.0100  680.0 0.02 0.95
   6900.00 1300.0 1300.0 0.0100  680.0 0.02 0.95
   5045.00 1300.0 1300.0 0.0100  680.0 0.02 0.95
   4840.00 1300.0 1300.0 0.0100  680.0 0.02 0.95
   4730.00 1300.0 1300.0 0.0100  680.0 0.02 0.95
   5605.00 1300.0 1300.0 0.0100  680.0 0.02 0.95
   3440.00 1300.0 1300.0 0.0100  680.0 0.02 0.95
   3125.00 1300.0 1300.0 0.0100  680.0 0.02 0.95
   3490.00 1300.0 1300.0 0.0100  680.0 0.02 0.95
   4795.00 1300.0 1300.0 0.0100  680.0 0.02 0.95
   5255.00 1300.0 1300.0 0.0100  680.0 0.02 0.95
   3520.00 1300.0 1300.0 0.0100  680.0 0.02 0.95
   6525.00 1300.0 1300.0 0.0100  680.0 0.02 0.95
   3935.00 1300.0 1300.0 0.0100  680.0 0.02 0.95
   3950.00 1300.0 1300.0 0.0100  680.0 0.02 0.95
   3080.00 1300.0 1300.0 0.0100  680.0 0.02 0.95
   3520.00 1300.0 1300.0 0.0100  680.0 0.02 0.95
   3670.00 1300.0 1300.0 0.0100  680.0 0.02 0.95
   3410.00 1300.0 1300.0 0.0100  680.0 0.02 0.95
   4235.00 1300.0 1300.0 0.0100  680.0 0.02 0.95
   4060.00 1300.0 1300.0 0.0100  680.0 0.02 0.95
   2825.00 1300.0 1300.0 0.0100  680.0 0.02 0.95
   3505.00 1300.0 1300.0 0.0100  680.0 0.02 0.95
   4355.00 1300.0 1300.0 0.0100  680.0 0.02 0.95
   4140.00 1300.0 1300.0 0.0100  680.0 0.02 0.95
   4730.00 1300.0 1300.0 0.0100  680.0 0.02 0.95
   4905.00 1300.0 1300.0 0.0100  680.0 0.02 0.95
   3755.00 1300.0 1300.0 0.0100  680.0 0.02 0.95
   3195.00 1300.0 1300.0 0.0100  680.0 0.02 0.95
   3775.00 1300.0 1300.0 0.0100  680.0 0.02 0.95
   5480.00 1300.0 1300.0 0.0100  680.0 0.02 0.95
   4730.00 1300.0 1300.0 0.0100  680.0 0.02 0.95
   5870.00 1300.0 1300.0 0.0100  680.0 0.02 0.95
   3895.00 1300.0 1300.0 0.0100  680.0 0.02 0.95
   3810.00 1300.0 1300.0 0.0100  680.0 0.02 0.95
   3790.00 1300.0 1300.0 0.0100  680.0 0.02 0.95
   3365.00 1300.0 1300.0 0.0100  680.0 0.02 0.95
   4455.00 1300.0 1300.0 0.0100  680.0 0.02 0.95
   3585.00 1300.0 1300.0 0.0100  680.0 0.02 0.95
   4685.00 1300.0 1300.0 0.0100  680.0 0.02 0.95
   2610.00 1300.0 1300.0 0.0100  680.0 0.02 0.95
   4995.00 1300.0 1300.0 0.0100  680.0 0.02 0.95
   2760.00 1300.0 1300.0 0.0100  680.0 0.02 0.95
   4730.00 1300.0 1300.0 0.0100  680.0 0.02 0.95
   3880.00 1300.0 1300.0 0.0100  680.0 0.02 0.95
   2515.00 1300.0 1300.0 0.0100  680.0 0.02 0.95
   2825.00 1300.0 1300.0 0.0100  680.0 0.02 0.95
   3825.00 1300.0 1300.0 0.0100  680.0 0.02 0.95
   3720.00 1300.0 1300.0 0.0100  680.0 0.02 0.95
   3180.00 1300.0 1300.0 0.0100  680.0 0.02 0.95
   4175.00 1300.0 1300.0 0.0100  680.0 0.02 0.95
   3950.00 1300.0 1300.0 0.0100  680.0 0.02 0.95
   3055.00 1300.0 1300.0 0.0100  680.0 0.02 0.95
   3585.00 1300.0 1300.0 0.0100  680.0 0.02 0.95
   3440.00 1300.0 1300.0 0.0100  680.0 0.02 0.95
   4415.00 1300.0 1300.0 0.0100  680.0 0.02 0.95
   5280.00 1300.0 1300.0 0.0100  680.0 0.02 0.95
   3490.00 1300.0 1300.0 0.0100  680.0 0.02 0.95
   3110.00 1300.0 1300.0 0.0100  680.0 0.02 0.95
   4025.00 1300.0 1300.0 0.0100  680.0 0.02 0.95
   4155.00 1300.0 1300.0 0.0100  680.0 0.02 0.95
   3395.00 1300.0 1300.0 0.0100  680.0 0.02 0.95
   3040.00 1300.0 1300.0 0.0100  680.0 0.02 0.95
   4215.00 1300.0 1300.0 0.0100  680.0 0.02 0.95
   3505.00 1300.0 1300.0 0.0100  680.0 0.02 0.95
   3365.00 1300.0 1300.0 0.0100  680.0 0.02 0.95
   3790.00 1300.0 1300.0 0.0100  680.0 0.02 0.95
   2635.00 1300.0 1300.0 0.0100  680.0 0.02 0.95
   3095.00 1300.0 1300.0 0.0100  680.0 0.02 0.95
   3705.00 1300.0 1300.0 0.0100  680.0 0.02 0.95
   4155.00 1300.0 1300.0 0.0100  680.0 0.02 0.95
   3425.00 1300.0 1300.0 0.0100  680.0 0.02 0.95
   3365.00 1300.0 1300.0 0.0100  680.0 0.02 0.95
   3180.00 1300.0 1300.0 0.0100  680.0 0.02 0.95
   4235.00 1300.0 1300.0 0.0100  680.0 0.02 0.95
   4395.00 1300.0 1300.0 0.0100  680.0 0.02 0.95
   3670.00 1300.0 1300.0 0.0100  680.0 0.02 0.95
   3705.00 1300.0 1300.0 0.0100  680.0 0.02 0.95
   3395.00 1300.0 1300.0 0.0100  680.0 0.02 0.95
   4770.00 1300.0 1300.0 0.0100  680.0 0.02 0.95
   4335.00 1300.0 1300.0 0.0100  680.0 0.02 0.95
   3380.00 1300.0 1300.0 0.0100  680.0 0.02 0.95
   3775.00 1300.0 1300.0 0.0100  680.0 0.02 0.95
   3140.00 1300.0 1300.0 0.0100  680.0 0.02 0.95
   3455.00 1300.0 1300.0 0.0100  680.0 0.02 0.95
   5635.00 1300.0 1300.0 0.0100  680.0 0.02 0.95
   4885.00 1300.0 1300.0 0.0100  680.0 0.02 0.95
   3520.00 1300.0 1300.0 0.0100  680.0 0.02 0.95
   3475.00 1300.0 1300.0 0.0100  680.0 0.02 0.95
   3180.00 1300.0 1300.0 0.0100  680.0 0.02 0.95
   3705.00 1300.0 1300.0 0.0100  680.0 0.02 0.95
   3880.00 1300.0 1300.0 0.0100  680.0 0.02 0.95
   2850.00 1300.0 1300.0 0.0100  680.0 0.02 0.95
   3935.00 1300.0 1300.0 0.0100  680.0 0.02 0.95
   3040.00 1300.0 1300.0 0.0100  680.0 0.02 0.95
   3915.00 1300.0 1300.0 0.0100  680.0 0.02 0.95
   2945.00 1300.0 1300.0 0.0100  680.0 0.02 0.95
   2835.00 1300.0 1300.0 0.0100  680.0 0.02 0.95
   5210.00 1300.0 1300.0 0.0100  680.0 0.02 0.95
   3605.00 1300.0 1300.0 0.0100  680.0 0.02 0.95
   3475.00 1300.0 1300.0 0.0100  680.0 0.02 0.95
   3315.00 1300.0 1300.0 0.0100  680.0 0.02 0.95
   3025.00 1300.0 1300.0 0.0100  680.0 0.02 0.95
   2710.00 1300.0 1300.0 0.0100  680.0 0.02 0.95
