360			! number of TPs
1.0d3			! dt_YORP [yr]; time step for the YORP integrator
1.0d5			! dt_YORP_out [yr]; time step for the output (reorient.out)
200			! number of Gaussian spheres in fg_functions/ directory
7			! number of data points in each fg_functions/ file
30.0			! dobliq [deg], corresponding step in obliquity
2.5			! a_0 [AU] reference value of semimajor axis
1.0d3			! R_0 [m] reference radius
2500.d0			! rho_0 [kg/m^3] reference density
2.9088821d-4		! omega_0 [rad/s] reference spin rate <=> P_0 = 6 hours
0.33d0			! c_YORP efficiency parameter
T                       ! change Gauss sphere randomly after reaching omega_crit
../fg_functions_K1e-2/
1	49		! TPid <-> fg_id() assignments for all NTP bodies
2	59
3	170
4	31
5	118
6	40
7	163
8	36
9	98
10	31
11	74
12	99
13	183
14	54
15	180
16	45
17	127
18	115
19	67
20	22
21	102
22	114
23	172
24	9
25	23
26	129
27	4
28	145
29	21
30	98
31	52
32	136
33	180
34	153
35	145
36	183
37	187
38	77
39	181
40	157
41	66
42	40
43	200
44	33
45	143
46	101
47	188
48	144
49	22
50	43
51	113
52	142
53	17
54	103
55	40
56	56
57	129
58	91
59	9
60	94
61	17
62	9
63	33
64	81
65	139
66	108
67	138
68	55
69	94
70	56
71	91
72	188
73	18
74	92
75	190
76	172
77	25
78	4
79	48
80	174
81	88
82	155
83	176
84	76
85	190
86	161
87	169
88	190
89	118
90	121
91	65
92	85
93	182
94	33
95	168
96	147
97	99
98	43
99	25
100	11
101	86
102	66
103	22
104	87
105	126
106	125
107	157
108	99
109	199
110	186
111	129
112	150
113	192
114	104
115	45
116	61
117	163
118	2
119	57
120	185
121	74
122	82
123	176
124	191
125	199
126	31
127	111
128	48
129	155
130	93
131	147
132	40
133	96
134	186
135	173
136	190
137	81
138	70
139	41
140	65
141	68
142	115
143	88
144	176
145	130
146	105
147	180
148	169
149	129
150	96
151	86
152	3
153	123
154	187
155	71
156	52
157	83
158	50
159	197
160	95
161	137
162	161
163	171
164	56
165	121
166	142
167	28
168	153
169	77
170	33
171	130
172	128
173	113
174	42
175	191
176	182
177	86
178	130
179	190
180	152
181	153
182	9
183	193
184	67
185	148
186	123
187	113
188	111
189	142
190	51
191	99
192	53
193	145
194	91
195	130
196	25
197	10
198	182
199	171
200	51
201	120
202	160
203	24
204	92
205	6
206	93
207	68
208	197
209	100
210	79
211	47
212	175
213	70
214	155
215	156
216	78
217	64
218	133
219	184
220	66
221	115
222	111
223	5
224	142
225	102
226	72
227	127
228	48
229	189
230	16
231	168
232	44
233	75
234	5
235	132
236	44
237	84
238	75
239	56
240	141
241	70
242	58
243	9
244	161
245	170
246	162
247	27
248	174
249	96
250	9
251	119
252	60
253	110
254	7
255	59
256	3
257	93
258	23
259	47
260	56
261	36
262	6
263	56
264	175
265	134
266	157
267	48
268	53
269	145
270	12
271	8
272	107
273	186
274	32
275	6
276	75
277	29
278	184
279	61
280	124
281	56
282	39
283	104
284	19
285	129
286	133
287	74
288	175
289	46
290	173
291	20
292	8
293	24
294	191
295	34
296	108
297	112
298	42
299	85
300	168
301	42
302	97
303	37
304	105
305	163
306	171
307	131
308	100
309	61
310	87
311	61
312	156
313	164
314	82
315	141
316	50
317	56
318	115
319	117
320	9
321	31
322	76
323	131
324	166
325	171
326	26
327	200
328	133
329	89
330	136
331	188
332	131
333	142
334	149
335	56
336	41
337	72
338	77
339	151
340	178
341	161
342	22
343	145
344	200
345	38
346	142
347	160
348	88
349	20
350	93
351	67
352	113
353	85
354	103
355	110
356	133
357	123
358	155
359	63
360	173
