9
 0.2959122104742908E-03
 0.0000000000000000E+00 0.0000000000000000E+00 0.0000000000000000E+00
 0.0000000000000000E+00 0.0000000000000000E+00 0.0000000000000000E+00
 0.4912547451450812E-10
 -.3864600333947635E+00 -.1601938771397671E-02 0.3533231605614484E-01
 -.5735852048902166E-02 -.2692373119924462E-01 -.1673815581346080E-02
 0.7243452486162703E-09
 0.5808463357407294E+00 0.4308828105274553E+00 -.2761673319301887E-01
 -.1211216655452451E-01 0.1615788478941235E-01 0.9205155183561701E-03
 0.8997011346712499E-09
 -.6017254215167044E+00 -.8120758487445195E+00 0.8616139987349494E-06
 0.1354276668671084E-01 -.1030681207914520E-01 -.3099308153279088E-07
 0.9549535105779258E-10
 -.1527601758173192E+01 0.6626823171725199E+00 0.5141365699279073E-01
 -.5045066890801055E-02 -.1164349173330853E-01 -.1202590603630554E-03
 0.2825345909524226E-06
 0.1138394518959389E+01 -.5072505051064282E+01 -.4513407396452396E-02
 0.7276076114000943E-02 0.2011511883918331E-02 -.1711307124853770E-03
 0.8459715185680659E-07
 -.8611087402484568E+01 0.3506540292553194E+01 0.2817240161045743E+00
 -.2397188451659362E-02 -.5178074643619726E-02 0.1855384766007989E-03
 0.1292024916781969E-07
 0.1974205995382271E+02 -.3751739442870455E+01 -.2697009670393010E+00
 0.7111001306254363E-03 0.3681535342801512E-02 0.4507024735511973E-05
 0.1524358900784276E-07
 0.2372410144948855E+02 -.1842578159314662E+02 -.1676734120664919E+00
 0.1910919276192337E-02 0.2498604373282468E-02 -.9539622034888674E-04
