5
 0.2959139791414997E-03
 0.0000000000000000E+00 0.0000000000000000E+00 0.0000000000000000E+00
 0.0000000000000000E+00 0.0000000000000000E+00 0.0000000000000000E+00
 0.2825345909524226E-06
 0.1625774166951787E+01 -.4910000326342391E+01 -.1620864834165346E-01
 0.7080031300769824E-02 0.2731001097763436E-02 -.1696222060822679E-03
 0.8459715185680659E-07
 0.4518012550492845E+01 -.8940609067416807E+01 -.2480075815953174E-01
 0.4677630241904924E-02 0.2503786305812307E-02 -.2295222234122951E-03
 0.1292024916781969E-07
 0.1587416458285491E+02 0.1183288607279528E+02 -.1611222767263219E+00
 -.2372861709498423E-02 0.2972707094616663E-02 0.4177930715891310E-04
 0.1524358900784276E-07
 0.2933799479851010E+02 -.5899994998885442E+01 -.5549748685397502E+00
 0.6054906735811310E-03 0.3099897107187851E-02 -.7761699365252312E-04
