5
 0.2959139791414997E-03
 0.0000000000000000E+00 0.0000000000000000E+00 0.0000000000000000E+00
 0.0000000000000000E+00 0.0000000000000000E+00 0.0000000000000000E+00
 0.2825345909524226E-06
 -.4486798221287293E+00 -.5179252982642321E+01 -.1687953117938676E-01
 0.7545534452681133E-02 -.2831608582495890E-03 0.3673779824151025E-04
 0.8459715185680659E-07
 -.7152426980360460E+01 0.5946563770676156E+01 0.8472862350150034E-01
 -.3854581697986162E-02 -.4210621577340374E-02 0.7938467330828646E-04
 0.1292024916781969E-07
 0.1768368303009698E+02 -.9546585264519997E+01 0.2175132605175623E+00
 0.1790384283780540E-02 0.3294085359424577E-02 0.5384515901854442E-04
 0.1524358900784276E-07
 0.1703886308278339E+02 -.2473775633268149E+02 0.3018099784812720E+00
 0.2578722564992169E-02 0.1803690366216139E-02 -.2437144848946813E-04
