 4
 0.8971215179296185E+00 0.1976154639709028E+01 0.1755429234516655E+00
 -.1053044734473643E-01 0.4905394198994649E-02 0.5800203656366736E-03
 0
 0.0
 -.2006442818677970E+01 -.8727674622361694E+00 -.5501602139111137E-01
 0.4732153209185433E-02 -.1050373824658059E-01 -.1052166889038007E-02
 0
 0.0
 -.2159293199826235E+01 -.3788049772835455E+00 -.3836901828273338E-02
 0.2091395110532472E-02 -.1130647630684630E-01 -.1090292939512891E-02
 0
 0.0
 0.1848308656858370E+01 -.1062012786613330E+01 -.1324080111052486E+00
 0.5922454461105726E-02 0.1023575067961740E-01 0.8454770389298029E-03
 0
 0.0
