           4
 0.1447367063992895E+01 0.1612302661289975E+01 0.2154952584528725E+00
 -.8566541809589635E-02 0.7860378260471191E-02 0.3441688237113264E-03
0
0.0
 -.2174093193540656E+01 -.2250956157174421E+00 -.1149492929828096E+00
 0.1362422852649691E-02 -.1144300579756041E-01 -.1015021476545393E-02
0
0.0
 -.2171809646020044E+01 0.2919619479723291E+00 -.6368781544960116E-01
 -.1395347345468923E-02 -.1140951727213680E-01 -.1129159015326206E-02
0
0.0
 0.1443676568555910E+01 -.1571259804627342E+01 -.9267428509425299E-01
 0.8714080668161338E-02 0.7965326883520082E-02 0.1085935536745075E-02
0
0.0
