5
 0.2959139791414997E-03
 0.0000000000000000E+00 0.0000000000000000E+00 0.0000000000000000E+00
 0.0000000000000000E+00 0.0000000000000000E+00 0.0000000000000000E+00
 0.2825345909524226E-06
 -.1082260455720523E+01 -.5193528467089751E+01 0.4568897864189694E-01
 0.7300401641943787E-02 -.1184646331443648E-02 -.1584658826099315E-03
 0.8459715185680659E-07
 -.7752580158276539E+01 0.4993330117683575E+01 0.2216720348738514E+00
 -.3314236244210927E-02 -.4704096842887195E-02 0.2137608732607388E-03
 0.1292024916781969E-07
 0.1949642991683065E+02 -.4849002990433538E+01 -.2706019762126922E+00
 0.9258064121607333E-03 0.3631577782620314E-02 0.1557971475548619E-05
 0.1524358900784276E-07
 0.2313925600201957E+02 -.1916573581496700E+02 -.1389427326830187E+00
 0.1987522029939702E-02 0.2434061499523037E-02 -.9588551492231289E-04
