5
 0.2959139791414997E-03
 0.0000000000000000E+00 0.0000000000000000E+00 0.0000000000000000E+00
 0.0000000000000000E+00 0.0000000000000000E+00 0.0000000000000000E+00
 0.2825345909524226E-06
 -.2602691247165372E+01 -.4622924849558719E+01 -.2602349935348506E-01
 0.6602006788959274E-02 -.3337262374638271E-02 0.2342438065694502E-04
 0.8459715185680659E-07
 -.5883033563932027E+01 0.7104318738489305E+01 0.5962057793267748E-01
 -.4585967460697453E-02 -.3481326910238777E-02 0.8745338250353849E-04
 0.1292024916781969E-07
 0.1711754987568216E+02 -.1051883543955587E+02 0.2010526839657869E+00
 0.1980066864397838E-02 0.3181455938009200E-02 0.5612894364087683E-04
 0.1524358900784276E-07
 0.1625616186205370E+02 -.2526680845589008E+02 0.3090221790512537E+00
 0.2632285953945759E-02 0.1718900064639930E-02 -.2337647040495395E-04
